476.6569000329	117.2226999979	119.2400123418
477.1311000329	117.6747999979	119.2353313632
477.9862000329	118.1761999979	119.2326920364
476.6787000329	118.2021999979	119.2343633686
476.6660000329	118.7875999979	119.2320919505
476.6372000329	119.4605999979	119.2290040352
476.5863000329	120.3005999979	119.2249055107
476.5555000329	120.7293999979	119.2242466492
476.5291000329	121.2737999979	119.2216085935
476.4444000329	121.8650999979	119.221266359
476.4919000329	122.2567999979	119.2190995736
476.5398000329	123.0265999979	119.2163190367
476.6001000329	123.8371999979	119.2125946306
476.6094000329	124.6774999979	119.2095492217
476.6030000329	125.4651999979	119.2075280388
476.5827000329	126.3771999979	119.2051159386
476.5238000329	127.2335999979	119.2018147581
476.5053000329	127.9756999979	119.1999539879
476.4908000329	128.7092999979	119.1976319104
476.4687000329	129.4638999979	119.1949508871
476.4426000329	130.2127999979	119.1938292929
476.4170000329	131.2747999979	119.1903259322
476.4100000329	132.1809999979	119.1881055803
476.3938000329	133.7899999979	119.1831688358
476.3289000329	135.1973999979	119.1790751882
476.4546000329	136.1935999979	119.1751273486
476.6105000329	137.4327999979	119.1711865082
476.5834000329	138.2651999979	119.1683788597
476.5589000329	139.4217999979	119.1652322204
476.5165000329	140.9534999979	119.1610310379
476.5016000329	142.2209999979	119.1563839394
476.4991000329	143.3266999979	119.1546828771
476.4642000329	144.3715999979	119.1505967394
476.4342000329	145.9045999979	119.1466674575
476.4797000329	147.7198999979	119.1428703467
476.5011000329	148.9800999979	119.1399493456
476.4825000329	151.4781999979	119.1340372234
476.4638000329	153.4546999979	119.1297471906
476.4268000329	154.8289999979	119.1282357442
476.4725000329	156.1716999979	119.1261011576
476.4142000329	158.6167999979	119.1212454493
476.4395000329	161.1005999979	119.1181442306
476.4174000329	162.2437999979	119.1166636943
476.4668000329	164.2564999979	119.1139345935
476.5090000329	165.8588999979	119.1126183287
476.5348000329	169.4630999979	119.1063885664
476.5604000329	172.0715999979	119.1023304816
476.5922000329	174.5999999979	119.0991568187
476.6177000329	177.4117999979	119.0949303091
476.5949000329	181.3177999979	119.0889298409
476.5381000329	183.4062999979	119.0860752504
476.5072000329	185.7802999979	119.0828291245
476.4704000329	188.7435999979	119.0759513062
476.4375000329	191.0171999979	119.0706777498
476.4168000329	192.7341999979	119.0673755416
476.3860000329	195.5326999979	119.0620898993
476.3529000329	198.5177999979	119.0564587579
476.3098000329	200.9561999979	119.0530236127
476.2928000329	203.5452999979	119.0495456805
476.3525000329	207.0146999979	119.0448132585
476.3846000329	210.9264999979	119.0409932312
476.3640000329	214.0188999979	119.0389185595
476.3192000329	215.7617999979	119.0358442562
476.2801000329	217.8685999979	119.0364374308
476.2653000329	220.1121999979	119.033965933
476.2383000329	222.7444999979	119.0320785193
476.1795000329	226.6232999979	119.0302038521
476.2444000329	230.1739999979	119.03069642
476.1954000329	233.3047999979	119.0298358166
476.1248000329	236.5623999979	119.0288516637
476.1422000329	239.4341999979	119.0307677824
476.1154000329	241.3542999979	119.0341678044
477.3013000329	241.3417999979	119.0359029548
477.2928000329	239.3052999979	119.0342147485
477.2948000329	237.4824999979	119.0341330056
477.2803000329	235.7401999979	119.0334289459
477.2625000329	228.3727999979	119.0346579101
477.1819000329	224.2023999979	119.0355457271
477.1135000329	222.5492999979	119.0366044018
477.0445000329	214.8900999979	119.0408470666
477.0217000329	210.3701999979	119.0445413938
476.9788000329	207.7555999979	119.0464266627
476.8828000329	202.8863999979	119.0533426609
476.8462000329	196.7641999979	119.0619980298
476.8134000329	193.7823999979	119.0676966721
476.7988000329	188.2281999979	119.0781609191
476.7642000329	180.4310999979	119.0927831676
476.7478000329	177.9954999979	119.0957652442
476.7173000329	173.4690999979	119.1021360199
476.7048000329	167.9666999979	119.1115186574
476.6942000329	162.7024999979	119.1183467182
476.6559000329	158.5251999979	119.1234822824
477.8260000329	158.5534999979	119.1254788811
477.8018000329	156.3467999979	119.1296414279
477.7636000329	152.5409999979	119.1353128839
477.7252000329	148.9190999979	119.1422878076
477.7147000329	145.9461999979	119.1489988775
477.7080000329	143.4716999979	119.156362522
477.6995000329	141.8962999979	119.1607231442
477.7209000329	139.9469999979	119.1648494931
477.7127000329	137.8157999979	119.1716223331
477.6902000329	129.7263999979	119.1951596125
477.6900000329	127.1260999979	119.2025312795
477.6635000329	122.7086999979	119.2163667776
477.6328000329	118.2724999979	119.2323500198
477.6420000329	116.9662999979	119.2380792735
535.2726000329	117.1921999979	119.1724546617
535.7050000329	117.2708999979	119.1758609581
535.6371000329	117.5763999979	119.1717751444
535.0428000329	241.1860999979	119.0262683844
534.9918000329	241.6464999979	119.0264392447
534.5989000329	241.5000999979	119.0269885515
