476.0831000329	241.9038999979	119.0957592212
476.0103000329	242.9549999979	119.0925352641
477.2387000329	242.8581999979	119.093585142
477.5499000329	242.1945999979	119.0956493798
475.9494000329	266.4326999979	119.0586588321
475.9285000329	268.6911999979	119.0520290561
475.8454000324	270.8938001267	119.0484162296
475.8890000329	272.1924999979	119.0466186281
475.9036000329	277.6183999979	119.0404629206
475.7921000329	280.0296999979	119.0366250457
475.7490000329	283.0719999979	119.0351488322
475.7726000329	285.2323999979	119.03516327
475.7204000329	286.8444999979	119.0343271082
475.7686000329	289.0778999979	119.0322346009
475.7546000329	291.4957999979	119.0309070912
475.7016000329	293.1662999979	119.0302418394
475.7291000329	295.9563999979	119.0285379684
475.6987000329	298.5798999979	119.0281975594
475.7184000329	303.3021999979	119.0259031411
475.6622000329	305.9174999979	119.0259920675
475.6878000329	308.8082999979	119.0229379667
475.6758000329	310.8433999979	119.02221417
475.6630000329	313.1390999979	119.0224307405
475.6181000329	315.6524999979	119.0216613732
475.5771000329	318.1991999979	119.0203594487
475.5625000329	321.3058999979	119.0206185713
475.5881000329	324.5579999979	119.0194769465
475.5636000329	327.3624999979	119.0183118736
475.5790000329	330.6960999979	119.0165122523
475.5053000329	333.6616999979	119.0155016317
475.5388000329	335.9608999979	119.0155119888
475.4963000329	339.8357999979	119.0128006541
475.5377000329	342.6392999979	119.0119474004
476.5968000329	342.5822999979	119.0142611724
476.4861000329	340.9111999979	119.0137858523
476.4633000329	338.8268999979	119.0132146447
476.3921000329	335.6321999979	119.0154344755
476.3796000329	334.1474999979	119.0159585311
476.3366000329	332.0658999979	119.017082022
476.3038000329	330.7074999979	119.018451007
476.2952000329	328.5666999979	119.0186073016
476.2825000329	326.3537999979	119.0192460949
476.2576000329	322.6994999979	119.021119075
476.2389000329	319.6550999979	119.0215588911
476.2060000329	316.3469999979	119.0224000066
476.1994000329	312.7388999979	119.0235547451
476.1849000329	310.6054999979	119.0244719731
476.1603000329	304.8263999979	119.0274316759
476.1555000329	301.2688999979	119.0281270872
476.1287000329	295.4640999979	119.030695348
476.7524000329	295.3898999979	119.0312251059
476.6926000329	293.2816999979	119.0312629166
476.6617000329	290.9811999979	119.0332469983
476.6552000329	287.8348999979	119.034258994
476.6374000329	282.0202999979	119.037603378
476.6265000329	280.0266999979	119.0387685044
476.6039000329	277.9372999979	119.04105071
476.6517000329	275.6065999979	119.044853352
476.6400000329	272.9726999979	119.0473266635
476.6275000329	270.5244999979	119.0508161294
476.6170000329	267.5448999979	119.0557965936
476.9396000329	266.6068999979	119.05824804
476.0759000329	242.7105999979	119.0957866522
476.1707000329	241.9717999979	119.0971705333
476.8651000329	242.6688999979	119.0958743931
477.1801000329	242.0136999979	119.0981619537
476.3873000329	366.1936999979	118.9989662958
476.0216000329	365.3569999979	119.0005145555
475.3916000329	365.2264999979	119.000999778
475.4073000329	366.2134999979	118.9985526865
