535.1153000329	367.5670999979	119.0071583549
534.2757000329	367.5686999979	119.0069905336
532.5369000329	367.5509999979	119.0076704381
531.1857000329	367.5474999979	119.0061160264
525.4707000329	367.5050999979	119.005247668
524.6097000329	367.4951999979	119.0045347401
523.3291000329	367.4973999979	119.0050868232
522.2412000329	367.4799999979	119.0060051359
521.4798000329	367.4843999979	119.0049348823
520.5250000329	367.4865999979	119.0050784805
518.3224000329	367.4749999979	119.0052103666
516.3400000329	367.4591999979	119.0050902877
514.3817000329	367.4493999979	119.0045988991
512.2774000329	367.4334999979	119.0044970329
510.3845000329	367.4281999979	119.007352958
508.6912000329	367.4141999979	119.0048946953
507.0581000329	367.4047999979	119.0043609934
504.7668000329	367.3931999979	119.0048443274
502.7854000329	367.3854999979	119.0012348257
500.9072000329	367.3654999979	119.0000653411
498.9861000329	367.3534999979	118.9968194942
497.2766000329	367.3393999979	118.9929221009
495.0148000329	367.3315999979	118.9890005578
492.8457000329	367.3216999979	118.9859162652
491.2737000329	367.3036999979	118.98410385
489.0161000329	367.2920999979	118.9806221853
477.2936000329	367.2238999979	118.9508135685
477.0222000329	367.2240999979	118.9504053431
474.9676000329	367.2176999979	118.9739074887
475.4497000329	367.2097999979	118.9489093855
