476.360999941	367.462300001	118.9187675801
476.3638000329	371.6709999979	118.0430410762
476.3618000329	376.7606999979	116.9818996979
476.7862000329	381.0341999979	116.0909981123
476.7689000329	386.0658999979	115.0424836346
477.3910000329	389.4422999979	114.3382970057
477.3901000329	392.5481999979	113.6865111667
477.7637000329	395.7501999979	113.017660216
477.8347000329	400.1795999979	112.0888142315
477.8850000329	403.3474999979	111.4230640266
478.3238000329	407.5814999979	110.5338302163
478.7772000329	410.0320999979	110.0219781081
478.8120000329	413.8116999979	109.2275882768
479.6487000329	417.4632999979	108.4701846502
479.6404000329	420.8270999979	107.7702745347
479.7698000329	423.8848999979	107.139877368
480.3648000329	429.0963999979	106.0802751998
480.3803000329	432.3064999979	105.4341046574
480.5518000329	434.9100999979	104.9193268921
480.9683000329	437.7919999979	104.3600004677
480.9736000329	439.3690999979	104.0521433728
481.0693000329	441.8826999979	103.5511815891
481.0496000329	444.1727999979	103.0804345458
481.3533000329	446.1723999979	102.6593056185
481.6591000329	448.4522999979	102.1763833791
481.6822000329	451.4543999979	101.540291244
481.9558000329	453.8857999979	101.0312347383
482.2368000329	456.1354999979	100.5629442074
482.2486000329	458.9891999979	99.9696911475
484.1221000329	476.6458999979	96.3931198013
484.3738000329	479.5215999979	95.8181599784
484.4211000329	482.1261999979	95.296314181
484.4040000329	485.3794999979	94.6406533098
484.3973000329	487.4494999979	94.2205150777
485.0218000329	489.9890999979	93.6992559082
518.2246000329	489.9432999979	93.5219337498
519.6179000329	489.9448999979	93.5124571638
521.3967000329	489.9452999979	93.5005439504
523.8253000329	489.9514999979	93.4844331112
524.8811000329	485.3656999979	94.4357121018
522.1260000329	485.3779999979	94.4473531145
519.8370000329	485.3778999979	94.4567792767
516.9444000329	485.3707999979	94.4758535246
516.9352000329	482.7481999979	95.0147215374
518.8666000329	482.7469999979	95.0050557322
520.5602000329	482.7327999979	95.0026972373
522.2601000329	482.7219999979	94.9955162371
525.3330000329	482.7032999979	94.9875964344
525.3383000329	480.3105999979	95.4856856249
523.4543000329	480.3183999979	95.490443698
520.9026000329	480.3030999979	95.5035768146
518.7157000329	480.3131999979	95.5092290146
516.6498000329	480.3169999979	95.5146350912
515.9129000324	480.3174001267	95.5179904789
515.8743000329	475.8809999979	96.4356306794
517.8381000329	475.8643999979	96.4341247944
519.0807000329	475.8389999979	96.4354084589
520.6541000329	475.8353999979	96.4337027361
522.0215000329	475.8156999979	96.431511503
523.7221000329	475.8255999979	96.4263859143
525.7134000329	475.8266999979	96.4206530843
525.7212000329	458.0697999979	100.1283078983
523.9453000329	458.0700999979	100.1305424834
522.1992000329	458.0700999979	100.1336292323
520.7326000333	458.0762998691	100.1321821826
517.8872000329	458.0765999979	100.135434724
515.9977000329	458.0830999979	100.1357503844
513.7240000329	458.0871999979	100.1370431038
511.9183000329	458.0895999979	100.1359854973
511.7857000329	455.3561999979	100.7033940196
513.4821000329	455.3546999979	100.7030229302
515.3759000329	455.3345999979	100.7073219089
517.0481000329	455.3368999979	100.7068181862
518.4485000329	455.3362999979	100.7048163806
520.0843000329	455.3334999979	100.7049408385
521.5951000329	455.3355999979	100.7024299628
523.1601000329	455.3273999979	100.7031790644
526.3713000329	455.3277999979	100.6983305883
527.6782000329	455.3267999979	100.6973257478
527.7374000329	449.5439999979	101.9074732884
524.8469000329	449.5330999979	101.9113412857
523.3231000333	449.5334998691	101.912667514
520.6784000329	449.5359999979	101.9123665806
518.8316000329	449.5441999979	101.9132333811
516.8071000329	449.5444999979	101.9122025003
515.2043000329	449.5432999979	101.9130695809
512.6693000329	449.5435999979	101.9139570578
510.8396000329	449.5454999979	101.9147598225
510.4891000329	445.2223999979	102.8218859516
512.3850000329	445.2323999979	102.8194791809
513.9586000329	445.2192999979	102.821833845
520.7254000329	445.2102999979	102.8243504302
522.4622000329	445.1807999979	102.8282960933
525.0472000329	445.1679999979	102.8311211663
527.0053000329	445.1456999979	102.8334486688
528.4898000329	445.1219999979	102.8390404468
528.8701000329	439.6445999979	104.0021625914
525.8908000329	439.6250999979	104.0045975138
524.8303000329	439.6311999979	104.0035553444
523.6094000329	439.6201999979	104.0040254935
522.3182000329	439.6345999979	103.9987337771
519.7148000329	439.6176999979	104.0007051192
518.5228000333	439.6121998691	104.0011914485
516.3573000329	439.6006999979	104.0017356424
513.1027000329	439.6030999979	103.9997866145
509.7642000329	439.6071999979	104.0013265743
508.5738000329	439.6156999979	104.0008014586
508.5472000329	434.9880999979	104.9519466558
511.3485000324	434.9966001267	104.9485687846
513.1094000329	434.9921999979	104.9508865502
515.3112000329	434.9925999979	104.9558683901
519.5891000329	434.9577999979	104.9757514089
521.4160000329	434.9416999979	104.9841544157
523.2883000329	434.9355999979	104.9877881606
524.8820000329	434.9211999979	104.9955713902
526.8124000329	434.8973999979	105.0034558278
529.0704000329	434.8885999979	105.0087614898
529.6899000329	429.8972999979	106.0596054395
528.1788000329	429.8854999979	106.0569649914
526.2589000329	429.8426999979	106.0580491825
524.3052000329	429.8418999979	106.0520895773
522.6686000329	429.8370999979	106.0494313748
520.6441000329	429.8594999979	106.0404852188
517.9754000329	429.8782999979	106.0273068013
515.2601000329	429.8892999979	106.0145609237
513.1139000329	429.9000999979	106.0076593568
509.9731000329	429.9004999979	106.00095873
507.4877000329	429.8591999979	106.0016544241
506.7348000329	429.8542999979	106.0033305606
506.2899000329	423.9089999979	107.2360706773
509.9978000329	423.9062999979	107.2441513744
511.6743000329	423.8912999979	107.2509306702
513.4979000329	423.8916999979	107.2554855184
515.0549000329	423.8832999979	107.260493173
517.1936000329	423.8666999979	107.2720710319
523.0641000329	423.8512999979	107.2949676786
525.6199000329	423.8363999979	107.3055571244
527.0991000329	423.8211999979	107.3149696197
528.1843000329	423.8166999979	107.3171253357
529.6335000329	423.8016999979	107.3254529781
530.4715000329	423.7939999979	107.3285927428
530.5970000333	421.0639998691	107.8946769587
528.7767000329	421.0608999979	107.8905415593
525.9838000329	421.0557999979	107.8832781011
524.0700000329	421.0404999979	107.8796934424
521.0155000329	421.0162999979	107.8747066175
519.2061000329	420.9915999979	107.8749545863
517.7467000329	420.9778999979	107.8715975014
516.1362000329	420.9681999979	107.868718077
513.4831000329	420.9520999979	107.863348703
510.9560000329	420.9446999979	107.8613621401
508.9973000329	420.9337999979	107.8584022
506.6976000329	420.9330999979	107.8541899548
505.1554000329	420.9391999979	107.8476108219
504.1469000329	414.5198999979	109.1817315357
506.6769000329	414.5033999979	109.1928460591
506.7098000329	414.5108999979	109.1907199921
507.9398000329	414.5144999979	109.194434616
509.8185000329	414.5115999979	109.2009212977
511.4113000329	414.5024999979	109.2053323231
513.5130000329	414.4879999979	109.2148918017
514.8950000329	414.4857999979	109.2194344935
517.0644000329	414.4810999979	109.2239734289
518.6830000329	414.4616999979	109.2332454943
520.3115000329	414.4601999979	109.2375316524
522.8043000329	414.4469999979	109.2482284581
525.4585000329	414.4427999979	109.2571576208
527.4673000329	414.4130999979	109.2667396072
530.7260000329	414.4112999979	109.27486502
531.2581000329	414.3969999979	109.2790367229
531.4225000329	410.1963999979	110.1508864173
529.2083000329	410.1921999979	110.1470444353
527.2957000329	410.1964999979	110.140721441
525.3702000329	410.1913999979	110.1379804799
521.8824000329	410.1848999979	110.1313614275
519.7433000329	410.1531999979	110.1336779614
514.7105000329	410.1524999979	110.1215988985
512.1487000329	410.1324999979	110.11653747
509.6907000329	410.1317999979	110.1117818789
507.7535000329	410.1185999979	110.11044678
505.5491000329	410.1057999979	110.1065236083
503.6458000329	410.0794999979	110.1056153944
502.2656000329	404.6621999979	111.2339745494
505.1555000329	404.6492999979	111.2450619406
507.7754000329	404.6408999979	111.2549746061
509.4260000329	404.6243999979	111.262832635
511.3379000329	404.6005999979	111.2725457915
514.8748000329	404.5855999979	111.2840064876
517.8923000329	404.5667999979	111.2929015715
520.2022000324	404.5536001267	111.2998863523
523.7700000329	404.5387999979	111.308548791
526.6737000329	404.5461999979	111.3146887112
529.0107000329	404.5190999979	111.3241470473
531.3876000329	404.4953999979	111.3348466224
532.1345000329	404.4974999979	111.3383114459
532.2646000329	402.0684999979	111.8418051349
529.8747000329	402.0679999979	111.8348813093
528.0388000329	402.0603999979	111.8346318594
525.7555000329	402.0574999979	111.8292052283
523.5515000333	402.0617998691	111.8227917737
521.3616000324	402.0623001267	111.8188507149
519.4234000329	402.0407999979	111.8178630742
517.2264000329	402.0358999979	111.8181425072
514.8835000329	402.0223999979	111.8147551301
513.3339000329	401.9996999979	111.8177420272
511.8845000329	401.9860999979	111.8173157777
508.1793000329	401.9750999979	111.811200316
505.4669000329	401.9702999979	111.8026865427
503.4906000329	401.9589999979	111.8030085656
501.7605000329	401.9526999979	111.8000108426
501.1868000329	399.2497999979	112.3631186672
503.5671000329	399.2452999979	112.3696156866
505.0378000329	399.2381999979	112.3753428542
506.5078000329	399.2300999979	112.3802151181
507.7538000329	399.2175999979	112.3850953768
509.6277000329	399.2087999979	112.3913752233
511.5113000329	399.1982999979	112.3993399365
512.9924000329	399.1785999979	112.402981246
514.4386000329	399.1886999979	112.4044338508
516.0588000329	399.1960999979	112.4066202591
519.4215000329	399.1730999979	112.4172371884
521.7047000329	399.1704999979	112.4204351782
524.5866000329	399.1638999979	112.429855709
527.6171000329	399.1536999979	112.4365399639
531.6004000329	399.1464999979	112.4455949608
532.5896000329	399.1305999979	112.4520003717
532.8240000329	395.3102999979	113.2470818666
530.2060000329	395.2927999979	113.242796161
526.6941000329	395.2910999979	113.2389862546
524.0643000329	395.2883999979	113.2345397549
521.5261000329	395.2735999979	113.2317667056
519.1294000333	395.2683998691	113.2285062738
516.8052000329	395.2295999979	113.231614371
514.7506000329	395.2159999979	113.2315525257
511.6653000329	395.2025999979	113.2289390779
509.023199941	395.181900001	113.2287603126
506.2549000329	395.1795999979	113.2223217435
502.6830000329	395.1588999979	113.2195643988
500.7727000329	395.1654999979	113.2142813845
499.9281000329	391.2376999979	114.0305534703
503.0244000329	391.2323999979	114.0389772346
505.1622000329	391.2326999979	114.0428137965
507.2448000329	391.2316999979	114.0477197629
511.9742000329	391.2321999979	114.0541539133
513.5980000329	391.2363999979	114.0527935785
515.8515000329	391.2247999979	114.0600399564
518.2763000329	391.2396999979	114.0606478607
523.6162000329	391.2400999979	114.0750148583
526.1053000329	391.2231999979	114.0821191179
527.6645000329	391.2207999979	114.084837047
530.3475000329	391.2211999979	114.0885734536
532.9890000329	391.2079999979	114.0975766642
533.3657000333	387.1216998691	114.9444642671
530.5215000329	387.0567999979	114.952441226
526.3395000329	387.0525999979	114.9467479474
523.6730000329	387.0377999979	114.9454515408
520.7599000329	386.9896999979	114.9494598576
518.8865000329	386.9781999979	114.9472652655
516.3125000329	386.9710999979	114.9404010597
514.3581000329	386.9483999979	114.9403758441
511.9012000329	386.9405999979	114.941746911
509.6426000329	386.9264999979	114.944083732
506.6918000329	386.8867999979	114.9507188181
504.0652000329	386.8416999979	114.9570663662
500.9172000329	386.8302999979	114.9522082235
498.9155000329	386.8167999979	114.9486782099
498.1116000329	382.3231999979	115.8825227326
499.9156000329	382.3202999979	115.8893847053
502.0215000329	382.3141999979	115.8967883676
504.1274000329	382.3136999979	115.9000425291
507.8692000329	382.3141999979	115.9055523356
510.6308000329	382.3085999979	115.9084155012
512.8795000329	382.3000999979	115.9092202005
515.8468000329	382.2881999979	115.9150504181
521.8774000329	382.2810999979	115.9310523717
523.4890000329	382.2743999979	115.9367633227
524.6741000329	382.2549999979	115.9422384477
526.6680000329	382.2770999979	115.9422031315
529.1966000329	382.2945999979	115.9423485036
531.8780000329	382.3079999979	115.9429171378
533.9732000329	382.2746999979	115.9554333111
534.6766000329	373.5619999979	117.7710035517
531.1891000329	373.5386999979	117.7684009853
528.9896000329	373.5345999979	117.7674287947
526.9045000329	373.4935999979	117.7723349093
525.0588000329	373.4769999979	117.7733844079
523.3559000329	373.4761999979	117.7716423031
521.1983000329	373.4710999979	117.7678509572
518.4457000329	373.4613999979	117.7648177393
516.2440000329	373.4501999979	117.7631502551
514.1741000329	373.4438999979	117.76197487
510.8811000329	373.4369999979	117.7618002886
507.9271000329	373.4320999979	117.7588482918
505.0703000329	373.4326999979	117.7556666167
501.9092000329	373.4093999979	117.7552295592
499.4944000329	373.3917999979	117.7507195247
496.6910000329	373.3879999979	117.743489442
494.4824000329	373.3558999979	117.7456342567
493.5063000329	368.2321999979	118.8115367853
494.9238000329	368.2328999979	118.8146419583
498.3067000329	368.2322999979	118.8271970422
500.5793000329	368.2117999979	118.8368037101
504.3629000329	368.1833999979	118.8512866973
506.4203000329	368.1503999979	118.8627609873
509.0697000329	368.0772999979	118.8811310081
511.7025000329	368.0325999979	118.8931237148
514.9198000329	367.9821999979	118.9083161699
516.7373000329	367.9224999979	118.9226295814
519.1617000329	367.8400999979	118.9416311171
522.3896000329	367.8100999979	118.9538138579
524.5426000329	367.7713999979	118.9639408416
526.1252000324	367.7517001267	118.9681759767
527.6787000329	367.7363999979	118.9758066386
529.3254000333	367.7192998691	118.9786543458
531.2357000329	367.7069999979	118.9849417923
532.6248000329	367.6980999979	118.9876329867
534.5928000329	367.6913999979	118.9884092519
535.2505000329	367.7989999979	118.9702844178
