479.2729000329	524.2304999979	60.3392652476
481.4727000329	524.2288999979	60.3441597114
485.9256000329	524.2301999979	60.3546245744
486.2040000329	520.3773999979	60.3600186673
484.1004000329	520.3776999979	60.3538461022
479.1498000329	520.3795999979	60.3425681271
478.4344000329	520.3799999979	60.3407912864
478.4347000329	518.4776999979	60.3439250826
479.7857000329	518.4811999979	60.3460171194
482.6107000329	518.4825999979	60.3527987789
486.3485000329	518.4868999979	60.3618367923
486.3482000329	515.1628999979	60.3672271646
483.3868000329	515.1632999979	60.358538644
479.3187000329	515.1636999979	60.3512176002
477.7353000329	515.1653999979	60.3470803318
477.1373000329	511.6093999979	60.3508534432
479.7123000329	511.6096999979	60.3569734944
484.2808000329	511.6101999979	60.3645234177
486.8871000329	511.6106999979	60.3717456588
486.8868000329	508.0176999979	60.374654205
483.2864001247	508.0179999949	60.3670856542
479.0843000329	508.0141999979	60.3594869225
476.2029000329	508.0193999979	60.3545377745
475.5130000329	504.0587999979	60.3584616631
479.2163000329	504.0621999979	60.3639386429
483.5360000329	504.0625999979	60.3716169598
487.7064000329	504.0630999979	60.3800883378
487.6583000329	500.1149999979	60.3823809734
483.9001000329	500.1085999979	60.3750429121
480.8373000329	500.1081999979	60.3721579458
478.3533000329	500.1271999979	60.3669332785
474.9414000329	500.1391999979	60.3620730902
474.3374000329	496.7130999979	60.3635845552
480.6853000329	496.7146999979	60.3737111864
483.8528000329	496.7150999979	60.3791922994
486.4560000329	496.7198999979	60.3818827103
488.1371000329	496.7371999979	60.3857761684
488.3087000329	491.5786999979	60.3888841359
485.3302000329	491.5766999979	60.3837027036
481.0021000329	491.5770999979	60.378151961
478.2684000329	491.5766999979	60.3740750687
474.6230000329	491.5802999979	60.3704113491
473.2545000329	491.5914999979	60.3658804828
472.6040000329	487.7323999979	60.3696790878
476.4289000329	487.7375999979	60.3744765527
481.1698000329	487.7355999979	60.3806554178
484.6291000329	487.7359999979	60.3837844359
488.0830000329	487.7375999979	60.3892637924
488.9978000329	487.7364999979	60.3922273558
488.8239000329	483.0834999979	60.3894132074
485.5063000329	483.0838999979	60.3852667359
481.9658000329	483.0786999979	60.3815742271
478.9880000329	483.0790999979	60.3788619548
475.2905000329	483.0795999979	60.374354099
471.5816000329	483.0730999979	60.3699307843
470.8938000329	478.2998999979	60.373231059
474.7516000329	478.3032999979	60.3762021262
479.0803000329	478.3036999979	60.3792726697
483.0637000329	478.3039999979	60.381344623
488.0658000329	478.3043999979	60.3870498697
489.1827000329	478.3062999979	60.3890110871
489.5171000329	476.0479999979	60.3882092781
485.7361000329	476.0443999979	60.3835957736
479.1059000329	476.0714999979	60.3784575477
476.5954000329	476.0719999979	60.377232101
473.9409000329	476.0699999979	60.3765307649
470.2095000329	476.0816999979	60.3708784401
469.5926000329	471.0157999979	60.3747784442
473.6081000329	471.0161999979	60.377043059
477.1234000329	471.0166999979	60.3780792226
481.8102000329	471.0170999979	60.3807476964
485.2342000329	471.0173999979	60.3838008837
488.3885000329	471.0178999979	60.3855995985
489.8614000329	471.0221999979	60.3870881256
490.0012000329	466.5252999979	60.3882394024
486.9841000329	466.5256999979	60.3850456615
483.3903000329	466.5255999979	60.3824171743
479.8077000329	466.5258999979	60.3807131591
476.8927000329	466.5255999979	60.3794892367
471.0750000329	466.5252999979	60.3753558958
468.9399000329	466.5722999979	60.3755643314
467.5491000329	460.3228999979	60.3752132857
476.7826000329	460.3294999979	60.3817077098
481.2639000329	460.3298999979	60.3813217982
486.1420000329	460.3302999979	60.3847726367
490.2313000329	460.3306999979	60.3876149789
490.9312000329	460.3311999979	60.388889019
490.9393000329	453.9270999979	60.3871367258
487.4126000329	453.9274999979	60.3854723628
484.0465000329	453.9256999979	60.3850316257
480.6840000329	453.9260999979	60.3835641709
476.0649000329	453.9263999979	60.3823404122
471.5682000329	453.9285999979	60.3806833108
466.1152000329	453.9297999979	60.3766658428
465.3427000329	448.1378999979	60.3776342549
470.3694000329	448.1431999979	60.3816750103
478.5660000329	448.1606999979	60.3856372861
484.2044000329	448.1619999979	60.3858997646
488.3722000329	448.1777999979	60.3855032498
491.8465000329	448.1781999979	60.3891486912
491.9107000329	441.0481999979	60.3913990451
488.2869000329	441.0484999979	60.3872724479
484.3309000329	441.0489999979	60.3878441565
480.9542000329	441.0493999979	60.3876366315
475.7045000329	441.0497999979	60.3865860095
468.9362000329	441.0500999979	60.3850088033
464.1598000329	441.0505999979	60.3819064768
462.6705000329	433.8467999979	60.3832725997
466.8044000329	433.8522999979	60.3872602175
472.3597000329	433.8526999979	60.3887366954
478.1263000329	433.8612999979	60.3897308814
484.8467000329	433.8722999979	60.3905584365
489.8195000329	433.8736999979	60.3901550802
492.5589000329	433.8890999979	60.3915238333
492.9083000329	426.4622999979	60.3904070738
487.0907000329	426.4626999979	60.3918877389
481.0082000329	426.4630999979	60.3932402018
474.5589000329	426.4683999979	60.3928803427
468.2827000329	426.4688999979	60.3926504636
461.5181000329	426.4766999979	60.3882994363
459.6462000329	416.9135999979	60.3983286634
468.9554000329	416.9188999979	60.4015185439
479.1943000329	416.9192999979	60.3989787625
487.1206000329	416.9224999979	60.3927710272
493.5640000329	416.9226999979	60.3892358272
494.6969000329	407.9321999979	60.3874163558
491.0105000329	407.9478999979	60.3904068267
485.8433000329	407.9482999979	60.3979177513
480.4492000329	407.9600999979	60.4029805485
475.8051000329	407.9594999979	60.4064702606
470.0067000329	407.9615999979	60.41064922
464.1306000329	407.9619999979	60.4124972567
458.0720000329	407.9689999979	60.4126219427
452.9961000329	402.9411999979	60.4240529633
461.2632000329	402.9465999979	60.4207182025
467.7229000329	402.9497999979	60.417329305
472.5286000329	402.9501999979	60.4137929866
476.3262000329	402.9505999979	60.4103000417
480.7870000329	402.9599999979	60.4064154518
486.5909000329	402.9603999979	60.398605801
492.5712000329	402.9635999979	60.3903925969
495.3152000329	402.9638999979	60.3899900747
495.3113000329	400.4481999979	60.3887821582
491.1289000329	400.4485999979	60.3931690569
486.4252000329	400.4448999979	60.4003739428
481.9574000329	400.4451999979	60.4066905484
475.8573000329	400.4455999979	60.4137577202
469.7592000329	400.4486999979	60.4192777326
462.5274000329	400.4491999979	60.4247472584
456.0300000329	400.4495999979	60.4280169224
450.4632000329	400.4426999979	60.4308854807
436.7380000329	400.0009999979	60.4339823241
436.7377000329	406.0421999979	60.4161933781
437.1619000329	411.4237999979	60.4025183534
437.6249000329	415.8529999979	60.3944382131
438.0310000329	422.0443999979	60.3852672687
439.3949000329	430.1691999979	60.3795889891
440.3929000329	440.9893999979	60.3777041879
441.6061000329	448.6973999979	60.3770559295
441.6068000329	456.3383999979	60.3790785124
441.6064000329	464.4297999979	60.3807736182
442.2426000329	473.0472999979	60.3792648628
442.2466000329	477.4851999979	60.3763773689
443.0205000329	482.2010999979	60.3720939734
443.6760000329	490.8873999979	60.3620730097
444.1377000329	497.0610999979	60.3535308171
444.8822000329	504.8885999979	60.3405043396
445.4391000329	511.9656999979	60.3292443886
445.4447000329	518.0072999979	60.3181209879
445.9639000329	522.2660999979	60.3133005615
446.1439000329	524.3622999979	60.3077121061
