444.2964000329	530.0972999979	94.8555181913
446.1261000329	530.1375999979	94.7982559352
477.4645000329	530.0650999979	93.905415864
481.1363000329	530.0653999979	93.817058111
483.8540000329	529.8958999979	93.7821559241
483.1406000329	522.3569999979	95.4140384848
480.3276000329	522.3521999979	95.4734061346
476.4261000329	522.3525999979	95.5577073103
443.7092000329	522.3539999979	96.3749970475
443.5932000329	512.2653999979	98.3322367124
475.4390000329	512.5303999979	97.6432577453
479.7394000329	512.5280999979	97.5796758407
484.3129000329	512.5976999979	97.4917129344
485.3677000329	512.6074999979	97.4731001748
485.0892000329	505.7263999979	98.9617698283
481.2999000329	505.7267999979	99.0069023779
476.7987000329	505.7271999979	99.0616114328
472.4666000329	505.7657999979	99.099334877
442.8781000329	505.7670999979	99.616232102
440.6351000329	491.3480999979	102.5371630666
471.4122000329	491.7615999979	102.0461275486
475.0361000329	491.8809999979	101.9962633769
479.1068000329	491.9314999979	101.9616007629
480.8386000329	491.9807999979	101.9386805037
485.3423000329	492.0315999979	101.8939386978
486.7266000329	492.1958999979	101.8503946471
486.6364000329	486.4444999979	103.0818369361
481.7749000329	486.4490999979	103.1101793991
476.7940000329	486.4531999979	103.1365135043
472.9759000329	486.4534999979	103.1569411535
469.1728000329	486.4680999979	103.1789120786
441.1001000329	486.4684999979	103.5171514716
441.0013000329	480.8231999979	104.6657492649
468.8182000329	481.0085999979	104.3324332902
471.8327000329	481.1006999979	104.2976742052
475.3382000329	481.5155999979	104.1921508935
480.002499941	481.544800001	104.1644443658
483.7475000329	481.5772999979	104.1374551578
487.3815000329	481.6441999979	104.1031814207
487.5780000329	470.7628999979	106.4243662514
483.9645000329	470.7632999979	106.4372611041
479.6456000329	470.7648999979	106.4502426986
476.1473000329	470.7653999979	106.4625310309
471.9410000329	470.7669999979	106.477461135
466.1772000329	470.7673999979	106.502433788
464.4664000329	470.7807999979	106.5089433
438.7843000329	470.6286999979	106.7713235145
438.7859000329	464.1371999979	108.1067040036
464.2504000329	464.3354999979	107.8653340307
469.2043000329	464.3368999979	107.8450648591
473.4455000329	464.3922999979	107.8151472867
476.7214000329	464.4014999979	107.803844824
480.8587000329	464.4372999979	107.78390475
484.4786000329	464.4799999979	107.7644362086
488.6432000329	464.5901999979	107.7314029765
488.5234000329	456.3986999979	109.4558760352
485.4252000329	456.3910999979	109.467298646
482.6431000329	456.3962999979	109.4701771635
479.6060000329	456.3988999979	109.4746789341
476.4466000329	456.4001999979	109.4831809945
473.8413000329	456.3974999979	109.4912316658
469.4448000329	456.3977999979	109.5094325405
465.4322000329	456.4164999979	109.5261244978
462.8945000329	456.4168999979	109.539690603
437.9794000329	456.4171999979	109.7097117393
437.9789000329	453.0196999979	110.4153714217
462.8488000329	453.1153999979	110.2339315766
464.6046000329	453.1850999979	110.2117014691
466.6983000329	453.1949999979	110.1973183696
470.4160000329	453.2364999979	110.1692709822
472.9826000329	453.2856999979	110.1479087727
478.3819000329	453.3483999979	110.117066214
483.0537000329	453.5153999979	110.070361235
487.7123000329	453.5765999979	110.0498891391
489.1796000329	453.6017999979	110.0437004897
489.3875000329	446.1277999979	111.6210183375
486.2324000329	446.1188999979	111.6243879352
482.6608000329	446.1167999979	111.6275795885
479.3723000329	446.1163999979	111.6352566989
477.0536000329	446.1160999979	111.6410730812
472.8109000329	446.1144999979	111.6557682954
469.0496000329	446.1184999979	111.6704712847
464.9697000329	446.1129999979	111.6973262663
462.5317000329	446.1077999979	111.7132275261
460.7103000329	446.1113999979	111.721857866
437.1839000329	446.1105999979	111.8533855731
435.5299000329	429.9359999979	115.2420498846
458.6412000329	430.0932999979	115.0906547681
463.5292000329	430.1682999979	115.0556659463
468.3754000329	430.2563999979	115.0187757717
472.6566000329	430.3529999979	114.986953784
478.1506000329	430.3864999979	114.95927208
483.8245000329	430.4979999979	114.9262408195
487.6194000329	430.5255999979	114.9142220758
491.1321000329	430.5489999979	114.9184472393
491.1168000329	425.4630999979	115.9932436857
487.9993000329	425.3853999979	116.0038288704
483.544499941	425.341500001	116.0113731102
477.7389000329	425.3417999979	116.0225407032
473.0019000329	425.3556999979	116.0320768074
466.2679000329	425.3559999979	116.0536335193
459.8117000329	425.3582999979	116.0773822875
456.7644000329	425.4046999979	116.0780617407
435.4369000329	425.3446999979	116.2019144734
434.6736000329	421.5329999979	116.9998874766
456.4500000329	421.5135999979	116.8921964808
461.8696000329	421.5282999979	116.8678092945
467.4189000329	421.5286999979	116.8481865071
471.7403000329	421.5300999979	116.8346482534
476.8688000329	421.5755999979	116.813621858
481.0073000329	421.6919999979	116.7835409374
485.3233000329	421.7623999979	116.7633003081
491.2143000329	422.1171999979	116.7010632017
491.5127000329	416.9817999979	117.7803673647
488.9710000329	416.9726999979	117.7788329519
485.5854000329	416.9724999979	117.7735441524
482.6104000329	416.9744999979	117.775213834
477.3536000329	416.9748999979	117.7764430754
473.2866000329	416.9769999979	117.7817684713
469.8301000329	416.9788999979	117.7889108452
466.0453000329	416.9808999979	117.7985161298
462.1319000329	416.9812999979	117.8118658762
459.8897000329	416.9823999979	117.8228738588
455.5064000329	416.9828999979	117.8397846793
435.1953000329	416.9832999979	117.9491552387
434.5910000329	411.6364999979	119.000980551
449.7500000329	411.6717999979	118.9684467753
453.5547000329	411.6786999979	118.9459303815
456.6059000329	411.7622999979	118.9181679588
460.8381000329	411.8910999979	118.87657191
464.3501000329	411.9148999979	118.860814665
467.1151000329	411.9235999979	118.8513542326
471.4903000329	412.0539999979	118.8118770627
474.0412000329	412.1455999979	118.7867798002
479.3505000329	412.1803999979	118.7818346894
484.8501000329	412.2084999979	118.7764887454
491.0901000329	412.2296999979	118.7789885275
492.3041000329	412.2323999979	118.7801480227
492.1483000329	409.9084999979	119.265289125
488.0173000329	409.9036999979	119.2635911378
483.8846000329	409.9017999979	119.2584033197
479.7799000329	409.9038999979	119.2571778539
475.5416000329	409.9043999979	119.2579768207
470.2103000329	409.8983999979	119.2649971255
466.0487000329	409.8988999979	119.2767971998
462.0667000329	409.8792999979	119.2912694978
457.1042000329	409.8772999979	119.3072862242
453.9165000329	409.8725999979	119.3207573612
449.9241000329	409.8584999979	119.3393012165
447.8564000329	409.8748999979	119.3463005331
433.7631000329	409.8294999979	119.3409125033
