483.6000000329	530.4704999979	93.6658198179
483.6199000329	530.3168999979	93.6985633779
483.6306000329	530.1397999979	93.7264926791
483.7540000329	530.1363999979	93.7257594368
483.8998000329	530.1367999979	93.7249088362
483.8996000329	530.0709999979	93.7449743346
483.7598000329	530.0702999979	93.7459085427
483.6332000329	530.0700999979	93.7498940004
483.6475000329	529.9620999979	93.7763082379
483.6479000329	529.7956999979	93.8099065429
483.5190000329	529.7957999979	93.8138841695
483.5083000329	529.9502999979	93.7874410123
483.5010000329	530.0577999979	93.7600238741
483.3608000329	530.0684999979	93.7601834023
483.2130000329	530.0688999979	93.762378956
483.2128000329	530.1423999979	93.7385618735
483.3842000329	530.1419999979	93.7356614234
483.4977000329	530.1405999979	93.7331920468
483.4931000329	530.2784999979	93.7111979878
483.4866000329	530.3955999979	93.6837070622
491.8970000329	409.3248999979	119.376693521
491.9082000329	409.1607999979	119.4063596036
491.9237000329	408.8814999979	119.4547828768
492.1182000329	408.8842999979	119.4519707851
492.2757000329	408.8832999979	119.4526280551
492.2778000329	408.7463999979	119.5225218783
492.1278000329	408.7500999979	119.5208665904
491.9471000329	408.7486999979	119.5182999107
491.9584000329	408.5185999979	119.5491891688
491.9684000329	408.3470999979	119.5821875955
491.8752000329	408.3417999979	119.5815923242
491.8563000329	408.5245999979	119.5488824445
491.8449000329	408.7449999979	119.518481898
491.5320000329	408.7472999979	119.5203132446
491.4161000329	408.7494999979	119.5193723612
491.4133000329	408.8880999979	119.4498057825
491.5902000329	408.8887999979	119.4510274992
491.7928000329	408.8919999979	119.4534390626
491.7653000329	409.1474999979	119.412050597
491.7523000329	409.2957999979	119.38184593
433.6300000329	409.9238999979	119.3238036037
433.5896000329	409.6872999979	119.3625799188
433.5671000329	409.4300999979	119.4134799387
433.8130000329	409.4168999979	119.4116274207
433.9850000329	409.4199999979	119.410621192
433.9824000329	409.3128999979	119.4497320103
433.8026000329	409.3174999979	119.4462651672
433.5620000329	409.3158999979	119.4435863735
433.5369000329	409.1708999979	119.4648962569
433.5297000329	409.0376999979	119.4907111598
433.3145000329	409.0520999979	119.4845584945
433.3503000329	409.1965999979	119.4604239654
433.3500000329	409.3509999979	119.436361085
433.2146000329	409.3577999979	119.4303199111
433.1060000329	409.3581999979	119.4302121459
433.1057000329	409.4234999979	119.4099227701
433.2313000329	409.4261999979	119.4076565643
433.3593000329	409.4250999979	119.4095373579
433.3913000329	409.5832999979	119.3899627174
433.4441000329	409.8469999979	119.3283835716
444.0709001247	531.0343999949	94.6782905464
444.0579000329	530.9151999979	94.6966238413
444.0576000329	530.7622999979	94.7339137264
444.1788000329	530.7629999979	94.7314533692
444.2818000329	530.7635999979	94.7281747156
444.2810000329	530.7139999979	94.7411321051
444.1561000329	530.7162999979	94.7445888278
444.0568000329	530.7187999979	94.7470531212
444.0598000329	530.6232999979	94.7621985826
444.0597000329	530.5152999979	94.7788241809
443.9777000329	530.5145999979	94.7817955122
443.9811000329	530.5937999979	94.7691890379
443.9947000329	530.7186999979	94.7492144207
443.8047000329	530.7273999979	94.7519646061
443.6924000329	530.7342999979	94.7535370938
443.6921000329	530.7704999979	94.7445435577
443.8136000329	530.7710999979	94.7401003251
443.9959000329	530.7681999979	94.7341251059
444.0061000329	530.8755999979	94.7033634112
444.0185000329	530.9968999979	94.6865577932
