456.6786000329	362.2195999979	119.4055954917
457.0318000329	362.1720999979	119.4072548831
457.2410000329	362.0081999979	119.4092080557
456.6448000329	361.8413999979	119.4069800195
456.7917000329	362.1451999979	119.405827167
457.1807000329	238.2870999979	119.2996451593
458.0528000329	238.0618999979	119.301556624
457.7652000329	237.6729999979	119.2996520934
457.2290000329	237.6675999979	119.2978777897
457.5790000329	238.1118999979	119.3009257784
515.0303000324	238.4283001267	119.3582935603
515.0836000329	238.0013999979	119.3569575159
516.2315000329	237.8825999979	119.3539770464
515.8502000329	238.4091999979	119.3570140856
515.9682000329	239.0949999979	119.3595186394
516.4879000329	239.2103999979	119.3586909569
514.9014000329	261.4161999979	119.4267804614
515.9025000329	261.4201999979	119.4297271377
516.3638000329	261.4174999979	119.4286458945
516.1911000329	268.3837999979	119.4347961403
514.8343000329	268.3596999979	119.4365021826
514.8680000329	274.9015999979	119.4432895325
516.0005000329	274.9579999979	119.4432882338
515.9087000329	285.8023999979	119.4523057659
514.6276000329	285.8973999979	119.4531994514
514.7274000329	290.9401999979	119.4558405157
516.1965000329	291.2799999979	119.4545612714
516.0827000329	306.1411999979	119.4625674289
514.6606000329	306.3081999979	119.4633281093
514.5980000329	314.6916999979	119.4673131521
516.0528000329	314.6725999979	119.4661488516
516.0058000329	321.3971999979	119.4688148904
514.4936000329	321.4183999979	119.4701599784
514.6054000329	323.3395999979	119.4702698387
516.0625000329	323.3890999979	119.4688297581
515.5978000329	333.9118999979	119.4791920628
514.3591000329	333.8937999979	119.4792407775
515.9649000329	337.8489999979	119.4815506746
514.3309000329	337.7349999979	119.4824689036
515.8403000329	361.8885999979	119.4883516738
514.2326000329	361.9319999979	119.4903453541
514.1695000329	362.4651999979	119.4901788312
515.8153000329	362.5017999979	119.4873114853
515.3266000329	361.9323999979	119.4885934902
514.5143000329	361.4965999979	119.4898155578
514.5499000329	362.0762999979	119.4900985571
515.0666000329	361.2715999979	119.4920687473
515.5115000329	361.1216999979	119.4927009964

