467.413900032857	113.43629999794	93.2908277585974
467.411200032857	113.57239999794	93.3159398082548
467.559900032857	113.57279999794	93.3136559695106
467.563900032857	113.43989999794	93.2875339861348
456.848600032857	235.93259999794	119.216187081447
456.849900032857	236.07539999794	119.229644217365
457.004200032857	236.07569999794	119.231101882925
457.003900032857	235.92549999794	119.216961814069
517.160600032857	236.32209999794	119.156392565709
517.161500032857	236.46519999794	119.169997089418
517.314200032857	236.46579999794	119.170198194665
517.318300032857	236.32359999794	119.154561067564
508.141400032857	113.62739999794	93.5653058770554
508.142700032857	113.76999999794	93.6082160611891
508.303600032857	113.76889999794	93.609482662027
508.303200032857	113.62209999794	93.5708213557535
