457.1216000329	235.9639999979	119.2189856069
458.8335000329	235.9531999979	119.227143272
465.5250000329	236.0023999979	119.2251090006
473.8579000329	236.1362999979	119.2133216238
486.7617000329	235.3086999979	119.0062029154
497.4088000329	236.0903999979	119.1252693397
494.0466000329	222.6389999979	116.3761317431
487.6879000329	222.6119999979	116.4004764727
479.2364000329	222.5888999979	116.4153217947
459.9346000329	222.6254999979	116.3511026578
515.1719000329	222.8413999979	116.3185860554
517.0439000329	235.7452999979	119.033272223
486.9965000329	221.3818999979	116.1350161483
459.8015000329	213.5304999979	114.4752787564
476.0504000329	213.3792999979	114.4767291852
489.3727000329	212.0748999979	114.1678393331
492.4096000329	212.0394999979	114.0541011022
514.7630000329	211.9970999979	114.0340155357
514.5268000329	198.8603999979	111.269056813
487.7056000329	198.7195999979	111.2375287166
469.5750000329	198.4976999979	111.2368445391
461.1392000329	198.6005999979	111.3144858642
462.0439000329	188.6229999979	109.1998212686
461.9545000329	188.6006999979	109.1946272932
465.1861000329	188.5066999979	109.1139058585
483.6380000329	188.4418999979	109.183335941
512.8013000329	188.3147999979	109.0359443115
512.7735000329	188.2875999979	109.0297526785
513.1162000329	179.5894999979	107.20728067
485.6546000329	179.4140999979	107.259311777
485.8021000329	179.3371999979	107.151762554
482.5304000329	179.2768999979	107.2491466554
462.7461000329	179.1794999979	107.1970185622
463.8604000329	166.6725999979	104.5482863467
477.7125000329	166.6523999979	104.5821029981
484.1927000329	166.6151999979	104.4707739303
511.1303000329	166.0800999979	104.3684722486
463.3532000329	161.4459999979	103.4387368808
466.1844000329	161.4156999979	103.4797967876
483.3468000329	161.2889999979	103.441473587
511.7333000329	161.1155999979	103.3322273725
464.6679000329	157.2144999979	102.5377620516
481.5251000329	157.1943999979	102.485296178
482.5077000329	157.0980999979	102.4681312372
482.6028000329	157.0635999979	102.5500880886
510.462899941	156.956100001	102.4608141307
510.4537000329	156.9481999979	102.4618974323
464.5595000329	146.8935999979	100.3415937
468.4260000329	146.8781999979	100.3900750646
478.5993000329	146.8420999979	100.4106086398
510.6903000329	146.6834999979	100.3379906032
465.5289000329	136.1667999979	98.0671730208
474.2855000329	136.1084999979	98.1279076589
478.7208000329	136.0542999979	98.0395081479
509.8844000329	135.9732999979	98.1386316886
466.3492000329	126.3599999979	96.0008103272
475.8522000329	126.3978999979	96.0068547054
509.1927000329	126.5041999979	96.2183849617
467.1139000329	117.2263999979	94.0849743639
468.3877000329	117.2469999979	94.0894723197
475.1524000329	117.2205999979	94.1973334696
508.5196000329	117.2403999979	94.3328539151
468.0526000329	113.6192999979	93.3312526904
470.7932000329	113.5724999979	93.3330114897
474.7620000329	113.5107999979	93.3148779989
507.0245000329	113.6468999979	93.5695337497
507.4259000329	113.7182999979	93.6006909841

