451.6802000329	247.2531999979	119.1877107563
451.6767000329	245.1071999979	119.1904880341
451.6683000329	243.4658999979	119.1917660017
451.6681000329	241.7498999979	119.1930515246
451.6679000329	239.8533999979	119.195684094
451.6677000329	237.3823999979	119.1975901593
451.6674000329	235.1099999979	119.1995319189
451.6678000329	232.5129999979	119.2018159322
451.6676000329	230.0353999979	119.2032604394
451.7034000329	227.5737999979	119.2056330702
451.7031000329	224.9278999979	119.2066364827
451.7084000329	221.4542999979	119.2096408217
451.7085000329	217.9960999979	119.211653341
451.7094000329	214.9583999979	119.2132448877
451.7092000329	211.4450999979	119.216184551
451.7636000329	208.2069999979	119.2177349019
451.7634000329	203.1720999979	119.2203250804
452.0796000329	201.0302999979	119.2220126453
452.0794000329	198.8432999979	119.2232751647
452.0792000329	195.8290999979	119.2245037168
452.0790000329	194.1503999979	119.2253147015
452.0787000333	191.8516998691	119.2268359614
452.0786000329	185.2218999979	119.2276085431
452.0784000329	181.9668999979	119.2277898382
452.0781000329	180.4291999979	119.2286078725
452.0784000324	177.6647001267	119.229127468
452.1873000329	175.7527999979	119.2289623846
452.1820000329	172.9773999979	119.2288989718
452.1964000329	169.6050999979	119.2295839487
452.3309000329	167.1322999979	119.229929518
452.3404000329	163.4728999979	119.2306870676
452.3402000329	159.4855999979	119.231552127
452.3400000329	155.8661999979	119.2311982711
452.3843000329	153.5390999979	119.2313768785
452.3858000329	150.3817999979	119.2312305366
452.3856000329	146.2112999979	119.2305169402
452.5519000329	144.2372999979	119.23077934
452.5499000329	140.7492999979	119.2292660572
452.5513000329	137.1824999979	119.2276427029
452.7466000329	133.9757999979	119.2264764031
452.7462000329	130.4055999979	119.2235812623
452.7460000329	128.0781999979	119.2221596673
452.7461000329	126.5879999979	119.2199164842
452.7470000329	123.9587999979	119.2178042588
452.7303000329	122.9296999979	119.2162554379
511.8220000329	123.8876999979	119.1983005002
510.4777000329	248.0750999979	119.1825651474
