450.2695000329	372.6177999979	119.0527827325
450.4678000329	347.6464999979	119.156755551
450.4538000329	345.0404999979	119.1640900065
450.4529000329	342.8516999979	119.1692560895
450.4539000329	341.1582999979	119.1728060804
450.4537000329	338.8533999979	119.1770808957
450.4533000329	336.5321999979	119.1811325207
450.4532000329	334.5874999979	119.1840835132
450.4528000329	331.5696999979	119.1884296052
450.4526000329	329.2676999979	119.1922446258
450.4630000329	327.4897999979	119.1944375195
450.4539000329	325.5494999979	119.1962269412
450.4535000333	322.9959998691	119.1992380638
450.4533000329	319.5294999979	119.203014863
450.5335000329	317.4658999979	119.2055759766
450.5332000324	314.1753001267	119.2089811638
450.6018000329	309.1418999979	119.2121563832
450.6026000329	302.9349999979	119.2150822726
450.8555000329	300.8621999979	119.217468838
450.8552000329	298.2486999979	119.2184512738
450.8550000329	295.7384999979	119.2197016414
450.8548000329	292.8725999979	119.2199974134
450.8615000329	289.4869999979	119.2204149422
450.8668000324	286.2477001267	119.2211628674
450.8668000329	283.0835999979	119.2214126928
450.9690000329	279.7959999979	119.2209085577
450.9688000329	276.6189999979	119.2204748162
450.9685000329	273.5272999979	119.2184087837
451.5159000329	248.2627999979	119.1691472949
510.4807000329	248.8005999979	119.1857959106
509.1084000329	373.2098999979	119.0907524782
