458.1350000324	496.2063001267	93.1932196891
459.9949000329	496.2066999979	93.1949263613
492.1395000329	496.3835999979	93.4453845741
494.4509000329	496.3839999979	93.4658024561
497.9338000329	496.3842999979	93.4885364544
498.6571000329	496.3845999979	93.4998670102
498.6389000329	487.6141999979	95.3659694985
494.3941000329	487.6124999979	95.326642466
458.0022000329	486.8499999979	95.1843443563
457.8883000329	479.3713999979	96.7757007741
491.8686000329	479.3710999979	97.0549754666
498.4005000329	479.3714999979	97.1009160908
498.3983000329	475.0038999979	98.0251135092
492.4003000324	475.0032001267	97.9798690211
457.4886000329	474.8580999979	97.7301659234
456.4595000333	466.1287998691	99.5711593719
488.3041000329	466.1291999979	99.8188065058
494.2064000329	466.1296999979	99.8653910853
500.0210000324	466.1301001267	99.9055517597
500.0164000329	458.0437999979	101.6028320904
494.7556000329	458.0441999979	101.5683825082
488.6527000329	458.0444999979	101.5219693919
455.6352000329	458.0374999979	101.2792556905
455.6416000329	448.6043999979	103.2736329862
487.8946000329	448.6072999979	103.5062141556
493.2696000329	448.6076999979	103.5398329488
501.0695000329	448.6091999979	103.5931392607
501.0639000329	440.0910999979	105.3812607379
493.8611000329	440.0946999979	105.3346298143
486.2898000329	440.0979999979	105.2858250634
454.5143000329	440.0904999979	105.0689807742
454.5169000329	431.3941999979	106.9138140152
485.6720000329	431.3946999979	107.1189075184
493.0609000329	431.3949999979	107.1642149964
501.7708000324	431.3964001267	107.2226830095
501.7704000329	420.4531999979	109.5314553584
491.2582000329	420.4566999979	109.465709292
482.3051000329	420.4569999979	109.4091795241
453.3097000329	420.4013999979	109.2379185037
453.1217000333	407.2139998691	112.0350632417
481.5014000329	407.2204999979	112.2152226799
491.1570000329	407.2208999979	112.2714504274
498.6037000324	407.2212001267	112.3209811616
505.0327000329	407.2234999979	112.3573995195
505.0518000329	398.6223999979	114.1824459534
494.4984000329	398.6227999979	114.1181633441
481.9009000329	398.6230999979	114.0389040171
452.3853000329	398.6249999979	113.856269963
451.6663000329	390.9798999979	115.4758360138
477.1015000329	390.9802999979	115.6290488745
487.4557000329	390.9807999979	115.6870247518
498.5868000329	390.9823999979	115.755603268
507.7865000329	390.9827999979	115.8153775798
507.6858000329	385.2169999979	117.0331016267
495.7783000329	385.2314999979	116.9546596397
488.9622000329	385.2318999979	116.9160636261
478.2233000329	385.2320999979	116.8524677067
450.8424000329	385.2001999979	116.6953049585
450.8251000329	377.2558999979	118.3810527231
477.1821000329	377.2563999979	118.5310578872
485.3519000329	377.2566999979	118.5819344552
492.8162000329	377.2720999979	118.6199177814
502.1725000329	377.2860999979	118.669648206
508.8205000329	377.3621999979	118.7026188854
