493.9177000329	246.8228999979	119.8358942008
493.9173000329	246.6176999979	119.8361038637
493.7120001247	246.6194999949	119.8360758485
493.7112000329	246.8244999979	119.8358000558
492.5854000329	122.7312999979	119.8235078849
492.5855000329	122.5286999979	119.8231165383
492.3795000329	122.5305999979	119.8232480774
492.3794000329	122.7320999979	119.823223314
433.7897000329	123.3638999979	119.8296719519
433.7894000329	123.1589999979	119.8293688404
433.5847000329	123.1592999979	119.83031723
433.5846000329	123.3622999979	119.8297216171
435.1211000329	247.4542999979	119.8444289781
435.1194000329	247.2498999979	119.8446880313
434.9160000329	247.2501999979	119.8443758762
434.9160000329	247.4547999979	119.8445072599

