495.1106000329	371.8853999979	119.7838285134
495.1094000329	371.6802999979	119.7845033901
494.9021000329	371.6799999979	119.7848836024
494.9039000329	371.8843999979	119.7845869207
493.9349000329	247.7899999979	119.8714157923
493.9342000329	247.5855999979	119.8722467431
493.7280000329	247.5860999979	119.8735769229
493.7266000329	247.7914999979	119.8723867116
435.1359000329	248.3465999979	119.9302712045
435.1359000329	248.1439999979	119.9306623594
434.9309000329	248.1442999979	119.930514181
434.9307000329	248.3472999979	119.9304346816
436.3110000329	372.4414999979	119.8277891753
436.3107000329	372.2380999979	119.8282782131
436.1047000329	372.2397999979	119.8273561837
436.1059000329	372.4447999979	119.827501737

