487.5259000329	495.3889999979	93.6411333716
487.5255000329	495.2460999979	93.6893812165
487.3732000329	495.2463999979	93.6821213181
487.3729000329	495.3919999979	93.6433005961
496.0410000329	372.7965999979	119.8614888056
496.0409000329	372.6520999979	119.8984346404
495.8858000329	372.6538999979	119.8961096957
495.8855000329	372.7979999979	119.8639356225
435.7309000329	373.3922999979	119.7049328989
435.7304000329	373.2451999979	119.7377275476
435.5750000329	373.2446999979	119.7401323532
435.5746000329	373.3932999979	119.7021410454
446.7901000329	495.7583999979	93.3904178182
446.7899000329	495.6129999979	93.4346370789
446.6391000329	495.6147999979	93.4357367707
446.6380000329	495.7584999979	93.3870560268
