447.2837000329	495.1018999979	93.5341827277
481.1886000329	495.0788999979	93.6884411948
484.7528000329	495.0782999979	93.7004162058
487.3045000329	495.0839999979	93.709892752
487.5282000329	486.7603999979	95.6312019841
484.4991000329	486.7623999979	95.6138210523
479.9974000329	486.7626999979	95.5833785199
478.644399941	486.759900001	95.5880510761
446.6346000329	486.7715999979	95.4702302449
446.6497000329	479.4374999979	97.1188332849
478.5963000329	479.4557999979	97.2489182349
483.9663000329	479.4550999979	97.2682986194
487.9869000329	479.4647999979	97.2842156235
488.4859000329	474.2582999979	98.4440376737
482.7722000329	474.2674999979	98.4189087503
476.6808000329	474.2677999979	98.3920802286
445.7851000329	474.2656999979	98.2760541765
444.9225000329	467.8038999979	99.702900736
475.1110000329	467.7883999979	99.8063790924
481.7233000329	467.8008999979	99.8246001327
488.2555000329	467.7998999979	99.84923022
488.9208000329	463.5481999979	100.7698200662
484.0732000329	463.5485999979	100.7493464187
477.5431000329	463.5488999979	100.734134159
474.0237000329	463.5523999979	100.7280818826
444.6701000329	463.5544999979	100.6321174744
444.3229000329	456.8371999979	102.0902493679
474.9037000329	456.8312999979	102.1633323163
481.5347000329	456.8365999979	102.1815118485
487.2649000329	456.8381999979	102.2001250381
489.6254000329	456.8350999979	102.2041152955
490.0220000329	449.3762999979	103.7803452662
483.8421000329	449.3800999979	103.7668128955
479.7993000329	449.3803999979	103.758607253
474.4293000329	449.3807999979	103.7442939539
471.5435000329	449.3892999979	103.7371833347
443.5337000329	449.4076999979	103.6905620208
443.2660000329	440.2753999979	105.6322082951
470.8116000329	440.2439999979	105.6665793627
480.1087000329	440.2442999979	105.687369433
483.6292000329	440.2446999979	105.6865756409
490.1277000329	440.2511999979	105.7021433173
491.5084000329	429.8340999979	107.9018184201
484.2099000329	429.8344999979	107.8854101846
478.1074000329	429.8292999979	107.875486263
472.0719000329	429.8295999979	107.8656608193
467.3955000329	429.8380999979	107.8674808041
441.9601000329	429.8385999979	107.849823337
440.8739000329	418.1584999979	110.3208613216
467.6737000329	418.1778999979	110.33380241
471.3959000329	418.1733999979	110.3328640209
476.9512000329	418.1752999979	110.341818976
482.6188000329	418.1756999979	110.3440758643
486.4550000329	418.1819999979	110.3410923296
492.4248000329	418.1824999979	110.3574775347
492.7139000329	412.1062999979	111.6387857466
485.8193000329	412.1007999979	111.6267179994
474.3778000329	412.1072999979	111.6227774111
464.2376000329	412.1137999979	111.6097629974
439.8397000329	412.1282999979	111.5912514
439.1221000329	399.0465999979	114.3483260906
462.7670000329	399.0169999979	114.3693168952
466.5040000329	399.0191999979	114.3750269677
472.1013000329	399.0194999979	114.3732727404
477.1432000329	399.0217999979	114.3703686979
481.3117000329	399.0220999979	114.3792269865
487.6049000329	399.0222999979	114.3819402361
493.5104000329	399.0186999979	114.3894113008
494.5465000329	381.4681999979	118.0634591758
489.8594000329	381.4737999979	118.056526233
477.0449000329	381.4713999979	118.0436501486
469.2047000329	381.4943999979	118.0356196758
463.6600000329	381.5003999979	118.0339424753
457.9923000329	381.5258999979	118.0257820778
437.0988000329	381.5001999979	118.0239200054
436.6124000329	374.1996999979	119.5459270044
452.7110000329	374.2221999979	119.5422546028
460.0359000329	374.2210999979	119.5487187668
467.2681000329	374.2258999979	119.5463450935
471.0086000329	374.2263999979	119.5528268015
477.1124000329	374.2266999979	119.557626635
482.3127000329	374.2270999979	119.5660020931
487.0844000329	374.2275999979	119.5640363321
494.5404000329	374.2339999979	119.5664703535
495.4923000329	374.2511999979	119.5640654425
