493.9164000329	246.8210999979	119.8529543475
493.9161000329	246.6185999979	119.8533745921
493.7115000329	246.6183999979	119.8535681426
493.7152000329	246.8225999979	119.8530964633
492.5883000329	122.7291999979	119.8326768491
492.5873000329	122.5260999979	119.8327062589
492.3812000329	122.5264999979	119.8333656627
492.3811000329	122.7305999979	119.8335409848
433.7904000329	123.3607999979	119.8397862661
433.7901000329	123.1568999979	119.8403249959
433.5831000329	123.1587999979	119.8395168104
433.5858000329	123.3596999979	119.8401871285
435.1222000329	247.4519999979	119.8639061057
435.1220000329	247.2499999979	119.8640645789
434.9167000329	247.2501999979	119.8633725892
434.9165000329	247.4522999979	119.8635387035

