495.1096000329	371.8811999979	119.7938439614
495.1094000329	371.6789999979	119.7941208261
494.9046000329	371.6807999979	119.7947057236
494.9043000329	371.8845999979	119.794090906
493.9343000329	247.7881999979	119.8901425268
493.9343000329	247.5852999979	119.8903955402
493.7294000329	247.5855999979	119.8916081578
493.7291000329	247.7902999979	119.8915485462
435.1363000329	248.3468999979	119.9530985344
435.1364000329	248.1426999979	119.9530601493
434.9322000329	248.1444999979	119.9530241818
434.9315000329	248.3466999979	119.9531505673
436.3127000329	372.4412999979	119.8362921592
436.3125000329	372.2351999979	119.8366957843
436.1089000329	372.2356999979	119.8356514588
436.1090000329	372.4428999979	119.8350919059

