487.5265000329	495.3901999979	93.6415923406
487.5262000329	495.2448999979	93.6876989038
487.3739000329	495.2445999979	93.683746584
487.3731000329	495.3911999979	93.6433884128
496.0407000329	372.7976999979	119.8646384874
496.0404000329	372.6504999979	119.9024010861
495.8846000329	372.6508999979	119.9005731556
495.8844000329	372.8005999979	119.8658271483
435.7317000329	373.3906999979	119.7078450657
435.7314000329	373.2428999979	119.7406570269
435.5765000329	373.2433999979	119.7436992009
435.5762000329	373.3916999979	119.7047348717
446.7923000329	495.7586999979	93.3910084075
446.7920000329	495.6104999979	93.4355008544
446.6414000329	495.6108999979	93.4354058899
446.6405000329	495.7597999979	93.3877554395
