447.6041000329	495.3485999979	93.4932577609
483.8117000329	494.8945999979	93.7438650741
487.2452000329	494.8817999979	93.7566537924
487.2321000329	489.7992999979	94.9372139081
483.8245000329	489.7995999979	94.9109222525
479.8319000329	489.8001999979	94.8841981699
447.0179000329	489.8052999979	94.7729948189
446.4398000329	484.2205999979	96.0445751268
478.8121000329	484.2242999979	96.1643617707
484.5906000329	484.2118999979	96.1963511281
487.7725000329	484.2132999979	96.2118723205
488.2543000329	475.9029999979	98.0793640865
484.8382000329	475.9154999979	98.0606293637
478.8249000329	475.9158999979	98.042561632
476.9258000329	475.9141999979	98.0304817284
445.6910000329	475.9097999979	97.9113970033
444.8764000329	469.4206999979	99.3426598552
475.9848000329	469.4210999979	99.4540829251
481.2215000329	469.4231999979	99.4674407663
485.2959000329	469.4235999979	99.4885493096
488.4241000329	469.4253999979	99.503303602
489.1863000329	458.4272999979	101.8682780764
486.7564000329	458.4254999979	101.8581649028
482.8425000329	458.4294999979	101.845045172
475.6374000329	458.4270999979	101.8268416745
473.2609000329	458.4308999979	101.8221211556
443.9347000329	458.4268999979	101.7427015536
443.1768000329	450.3591999979	103.4874508056
472.4385000329	450.3333999979	103.5408418182
477.0865000329	450.3211999979	103.5523134102
481.4022000329	450.3235999979	103.5669057802
488.3212000329	450.3268999979	103.5749388013
490.1133000329	450.3332999979	103.5812089831
490.4890000329	444.0867999979	104.899927114
487.4246000329	444.0856999979	104.8869299295
484.4990000329	444.0893999979	104.8787190076
478.9836000329	444.0853999979	104.8637735405
471.7425000329	444.0858999979	104.8687547916
470.3582000329	444.0700999979	104.8659929332
442.5367000329	444.0778999979	104.8286610774
442.2833000329	439.0784999979	105.892536649
469.9110000329	439.0914999979	105.9140822432
474.8789000329	439.0932999979	105.9199329387
480.7603000329	439.0962999979	105.925224169
489.1631000329	439.0974999979	105.9393461634
490.9199000329	439.0993999979	105.9464646177
491.8187000329	425.0868999979	108.9023215732
482.9040000329	425.0848999979	108.8871309395
471.4345000329	425.0869999979	108.8764939084
466.6294000329	425.0754999979	108.8764188134
441.1577000329	425.0656999979	108.8631975983
440.3448000329	414.7871999979	111.0367098771
464.8169000329	414.7952999979	111.054114942
469.2315000329	414.7923999979	111.0517903655
476.3075000329	414.7977999979	111.0548741103
480.8900000329	414.8018999979	111.0596224371
487.2398000329	414.8059999979	111.0671956732
492.3987000329	414.8148999979	111.0670992277
493.3350000329	401.7860999979	113.8124012842
484.6561000329	401.7880999979	113.8011546922
475.3655000329	401.7899999979	113.7996343969
468.5678000329	401.7904999979	113.7923458796
461.9015000329	401.7968999979	113.7867030343
438.9468000329	401.7776999979	113.7827730202
438.3907000329	394.8938999979	115.2208153572
460.5668000329	394.8975999979	115.2332432694
467.8652000329	394.9011999979	115.2347026744
473.9642000329	394.9016999979	115.23976164
478.5084000329	394.9106999979	115.2428567253
484.4696000329	394.9134999979	115.2451226992
490.5217000329	394.9164999979	115.2442961225
493.6708000329	394.9158999979	115.251884076
494.7333000329	382.2140999979	117.9080903016
490.6425000329	382.2215999979	117.8986557526
480.3767000329	382.2218999979	117.8983969827
475.2029000329	382.2222999979	117.8898888877
468.5728000329	382.2239999979	117.8880161187
458.1565000329	382.2359999979	117.8770162248
436.9635000329	382.2440999979	117.8694305026
436.6443000333	375.8228998691	119.210352651
455.5783000329	375.8208999979	119.2150972055
462.4624000329	375.8211999979	119.223745058
467.2952000329	375.8265999979	119.2224408756
470.5506000329	375.8240999979	119.2179820121
478.4846000329	375.8244999979	119.2273596901
483.9666000329	375.8214999979	119.2350759939
490.0848000329	375.8204999979	119.2350707806
494.1193000329	375.8123999979	119.2368546487
495.4606000329	375.8104999979	119.2412765236
495.5004000329	373.1238999979	119.806411951
484.6144000329	373.1218999979	119.7934393758
473.7452000329	373.2517999979	119.7630217113
469.1836000329	373.2403999979	119.7640929848
459.8398000329	373.2490999979	119.7515542193
453.9873000329	373.2985999979	119.7377463212
450.3020000329	373.3422999979	119.7275087793
436.0092000329	373.4547999979	119.7009339956
