123.5431000329	282.4941999979	123.2961548567
126.2312000329	282.4989999979	123.2876008341
128.6582000329	282.5459999979	123.2769582894
131.2792000329	282.6334999979	123.2665745794
134.7322000329	282.6608999979	123.254400308
140.0579000329	282.7491999979	123.2418495912
145.5552000329	282.8267999979	123.2352507734
149.0039000329	282.9319999979	123.2337040741
151.6304000329	282.9641999979	123.2344996436
150.9620000329	286.9353999979	123.2255916359
148.2282000329	286.9356999979	123.2255861413
144.1340000329	286.9361999979	123.2285723382
140.3631000329	286.9364999979	123.236204257
135.9528000329	286.9368999979	123.2470136599
131.9770000329	286.9373999979	123.254758165
127.6711000329	286.9389999979	123.2694076998
123.2731000329	286.9393999979	123.2829355081
122.9533000329	286.9380999979	123.2827543533
122.6736001247	291.3533999949	123.2675883526
128.3764000329	291.3552999979	123.2530619729
132.4801000329	291.3616999979	123.2413331787
136.9448000329	291.3695999979	123.2370297532
141.0216000329	291.3877999979	123.2243725851
144.8330000329	291.3958999979	123.2161900298
149.1133000329	291.4010999979	123.2134196601
150.2064000329	291.4082999979	123.2144925695
149.2023000329	295.5055999979	123.2040071053
146.3661000329	295.5074999979	123.2041496168
141.9834000329	295.5078999979	123.2093322298
137.1216000329	295.5115999979	123.2198953182
133.5690000329	295.5092999979	123.2277794589
129.7449000329	295.5000999979	123.2375600997
124.4599000329	295.4998999979	123.2540565222
122.2903000329	295.4497999979	123.2572987024
122.2084000329	301.3830999979	123.2485999529
124.9871000329	301.4290999979	123.243337733
129.9496000329	301.5097999979	123.2274147002
135.0019000329	301.5967999979	123.2112546839
139.5692000329	301.6197999979	123.201811116
142.7079000329	301.6261999979	123.196218016
146.2573000329	301.6274999979	123.1912174177
148.3491000329	301.6782999979	123.1916113173
147.8561000329	305.5448999979	123.1837939622
142.7013001247	305.5452999949	123.1913066201
138.8274000329	305.5368999979	123.1994470433
134.6140000329	305.5372999979	123.209571905
129.7473000329	305.5393999979	123.2224807387
122.5718000333	305.5373998691	123.2435884833
121.4503000329	305.5494999979	123.2426813715
120.9945000329	310.8270999979	123.2378817501
126.4095000333	310.8444998691	123.225761889
129.5197000329	310.9104999979	123.2176367807
134.6581001247	311.0007999949	123.2054235564
138.3845000329	311.0358999979	123.2015913905
143.4348000329	311.0854999979	123.1810354246
146.7140000329	311.1018999979	123.1762658001
145.9056000329	315.8169999979	123.1699590348
140.5544000329	315.8175999979	123.1799702496
134.6707000329	315.8170999979	123.1972174712
129.3674000329	315.8189999979	123.2110564774
123.5665000329	315.8138999979	123.2288909064
121.1178000329	315.7583999979	123.2319168487
120.2445000329	321.7195999979	123.2230336328
125.3114000329	321.9250999979	123.2121817713
130.9313000329	321.9839999979	123.1967645292
138.1714000329	322.0550999979	123.1778767066
143.1872000329	322.0999999979	123.1642727903
143.1757000329	329.0137999979	123.1538339404
138.7886000329	329.0080999979	123.1729109445
132.8858000329	329.0101999979	123.1813015942
129.1253000329	329.0105999979	123.1911138501
124.9260000329	329.0109999979	123.2016183501
119.2569000329	328.9835999979	123.210713579
119.0564000329	333.8503999979	123.2043184675
121.0805000329	333.8572999979	123.203087904
124.8590000329	333.8576999979	123.1932142086
128.5231000329	333.8580999979	123.183202041
132.0146000329	333.8636999979	123.1743056045
137.0095000329	333.8641999979	123.1616740395
141.2099000329	333.8612999979	123.1496608551
141.8563000329	333.8682999979	123.1475465466
141.3697000329	339.5003999979	123.1379124602
138.6609000329	339.4983999979	123.144408661
131.7947000329	339.4978999979	123.1655910401
126.9287000329	339.4982999979	123.1773991863
119.8157000329	339.4986999979	123.1961038884
118.5266000329	339.4819999979	123.1951620062
118.0339000329	347.1763999979	123.1827046483
122.2502000329	347.1767999979	123.1753876533
127.5517000329	347.1780999979	123.1606125483
127.6900000329	347.1853999979	123.1593183896
130.2320000329	347.1857999979	123.1543937253
133.2775000329	347.1861999979	123.1468522751
136.0263000329	347.1865999979	123.1401163804
139.9598000329	347.1858999979	123.1291210755
139.9595000329	348.8168999979	123.1283362301
137.8490000329	348.8173999979	123.1380712555
135.5951000329	348.8177999979	123.1399415177
132.9474000329	348.8181999979	123.1448577873
129.4786000329	348.8185999979	123.1526091857
125.9348000329	348.8190999979	123.1618820588
120.2876000329	348.8194999979	123.1792827948
117.8980000329	348.8234999979	123.1808854028
117.4434000329	353.8496999979	123.1734084765
121.8112000329	353.8500999979	123.1643794293
125.6567000329	353.8504999979	123.1531501773
128.6701000329	353.8536999979	123.1442571553
131.8199000329	353.8552999979	123.1361008298
134.7886000329	353.8563999979	123.1271997823
138.1088000329	353.8617999979	123.1203495523
139.0265000329	353.8668999979	123.1183035913
137.5583000329	358.0546999979	123.1103205283
133.3189000329	358.0550999979	123.1209292768
130.8025000329	358.0621999979	123.128588579
126.5938000329	358.0625999979	123.1404337938
123.1048000329	358.0630999979	123.1512878755
117.5748000329	358.0627999979	123.1671932837
117.1575000329	358.0669999979	123.1668199935
116.8917000329	362.2489999979	123.1588647046
120.3286000329	362.2565999979	123.1522593882
124.2388000329	362.2568999979	123.1384437164
127.2609000329	362.2660999979	123.1295677571
131.6503000329	362.2664999979	123.1175076763
134.6238000329	362.2668999979	123.1085665924
137.1581000329	362.2672999979	123.1036248911
136.5761000329	366.3645999979	123.09960252
133.2656000329	366.3575999979	123.1048838371
129.8048000329	366.3579999979	123.1132372544
126.1367000329	366.3603999979	123.1235762764
123.3097000329	366.3538999979	123.1319780691
119.6396000329	366.3542999979	123.144109551
116.6213000329	366.3573999979	123.1514845279
116.1619000329	371.2636999979	123.1420239713
119.1863000329	371.2641999979	123.1369293412
123.8976000329	371.2658999979	123.1190170923
128.9378000329	371.2662999979	123.1038594304
133.7786000329	371.2667999979	123.0917627219
135.5075000329	371.2819999979	123.0922766872
135.1015000329	374.4904999979	123.0792070661
135.1013000329	375.6036999979	123.0767184505
133.1662000329	375.6040999979	123.079799711
130.3510000329	375.6045999979	123.0868408528
125.9924000329	375.6050999979	123.1013479821
121.7058000329	375.6055999979	123.1159164369
117.5292000329	375.6061999979	123.1333619694
115.4448000329	375.5997999979	123.1327611717
115.2572000329	380.4525999979	123.1259283861
120.7076000329	380.4538999979	123.1099415811
124.7493000329	380.4612999979	123.0937140027
128.6030000329	380.4616999979	123.0816473022
134.0627000329	380.4644999979	123.0653234481
133.0762000329	384.4746999979	123.0608121777
131.0362000329	384.4743999979	123.0653016152
127.0948000329	384.4741999979	123.0780084705
121.2765000329	384.4655999979	123.1003354901
114.9760000329	384.4519999979	123.1205861239
114.5991000329	388.6324999979	123.1189922427
117.8159000329	388.6328999979	123.112374632
121.6754000329	388.6340999979	123.0943070078
126.0305000329	388.6370999979	123.0773024285
130.2805000329	388.6394999979	123.0615766865
132.5237000329	388.6435999979	123.0563027116
131.5535000329	393.6899999979	123.0547385525
128.9293000329	393.6903999979	123.0629058859
125.7894000329	393.6921999979	123.0745366938
121.9694000329	393.6917999979	123.0919739377
118.2737000329	393.6921999979	123.1070508099
114.1481000329	393.6999999979	123.1204333132
113.8772000329	396.9330999979	123.1249592157
118.1011000329	396.9334999979	123.110679232
123.6840000329	396.9338999979	123.0843243685
128.7856000329	396.9410999979	123.063770971
131.1030000329	396.9516999979	123.0562527483
130.3536000329	399.8387999979	123.0593362965
124.8114000329	399.8540999979	123.0801401051
120.4022000329	399.8620999979	123.1024347924
115.5260000329	399.8624999979	123.1260946574
113.6828000329	399.8796999979	123.1306751727
113.5679000329	403.7187999979	123.1381760433
117.1874000329	403.7192999979	123.122127799
121.4970000329	403.7210999979	123.0983820842
126.1240000329	403.7214999979	123.0743805269
129.4437000329	403.7208999979	123.0626704378
128.9299000329	405.5016999979	123.0624636236
124.9990000329	405.5021999979	123.0785108899
121.1194000329	405.5025999979	123.1010290512
116.8412000329	405.5029999979	123.1244892271
113.3850000329	405.5021999979	123.1420367145
130.8003000329	405.6934999979	124.6019006813
135.3201000329	405.8072999979	124.5843553077
139.7084000329	405.8492999979	124.5650182852
145.2429000329	405.8960999979	124.5442036411
149.0670000329	405.9489999979	124.5323799362
154.3673000329	405.9818999979	124.5164593727
160.1570000329	405.9991999979	124.5012741761
167.7091000329	406.0532999979	124.4799792981
168.2933000329	406.0702999979	124.4781772093
168.3015000329	401.3882999979	124.4770378093
164.1107000329	401.3886999979	124.4913424745
160.3109000329	401.3891999979	124.5024817233
154.7142000329	401.3885999979	124.5166580405
148.5899000329	401.3889999979	124.5342037716
142.6125000329	401.3893999979	124.5528242633
138.2341000329	401.3898999979	124.5693798427
133.7331000329	401.3935999979	124.5879432178
131.3232000329	401.4200999979	124.5947571615
131.7505000329	398.6200999979	124.588061051
137.8006000329	398.6204999979	124.5674554167
141.8435000329	398.6270999979	124.5536819444
145.9530000329	398.6283999979	124.5405462532
151.0313000329	398.6306999979	124.5257281999
156.8848000329	398.6321999979	124.5091044581
161.2796000329	398.6340999979	124.4954700578
167.9150000329	398.6332999979	124.4768441289
168.2558000329	398.6409999979	124.475373243
168.2568000329	389.1710999979	124.4733722104
163.9993000329	389.1613999979	124.4895006667
155.9870000329	389.1617999979	124.5047743936
146.9125000329	389.1585999979	124.5327624367
141.2595000329	389.1604999979	124.5497003576
136.0744000329	389.0906999979	124.5663428152
133.4853000329	389.2075999979	124.5698244456
134.1307000329	384.3861999979	124.5640758509
138.4733000329	384.3970999979	124.5566569549
142.8096000329	384.4194999979	124.5440632617
146.3893000329	384.4464999979	124.5335647083
153.1049000329	384.5507999979	124.5155958086
157.5023000329	384.5554999979	124.502552021
162.7594000329	384.6247999979	124.4941269559
168.2899000329	384.7234999979	124.4762792655
168.3067000329	378.0761999979	124.4844816151
161.3654000329	378.0645999979	124.5022855577
155.4795000329	378.0642999979	124.5131113589
150.2411000329	378.0637999979	124.528682012
143.1647000329	378.0641999979	124.5489677961
138.0640000329	378.0645999979	124.5645547851
135.3327000329	378.0690999979	124.5682616763
136.1591000329	373.9751999979	124.5770463268
146.2544000329	373.9877999979	124.5473286925
149.7373000329	374.0198999979	124.5373927583
151.9824000329	374.0506999979	124.5306478745
155.7234000329	374.1151999979	124.5202007085
160.4966000329	374.2291999979	124.5117896064
165.7213000329	374.2771999979	124.498196266
168.3289000329	374.3591999979	124.4901086398
168.3655000329	365.1549999979	124.5052499369
160.9570000329	365.1553999979	124.5257032124
154.7612000329	365.1503999979	124.5374904707
147.0539000329	365.1507999979	124.561973379
138.1020000329	365.1560999979	124.5868979756
138.8213000329	360.5557999979	124.5907463617
142.3771000329	360.5712999979	124.5810465107
147.8221000329	360.5917999979	124.5641005241
160.8176000329	360.6061999979	124.5312010241
166.0160000329	360.6109999979	124.5203163125
168.2253000329	360.6215999979	124.512002537
168.4374000329	352.8514999979	124.5254905699
154.4250000329	352.8508999979	124.5613856727
146.9047000329	352.8541999979	124.5850891826
140.8234000329	352.8567999979	124.601202464
140.8247000329	348.3252999979	124.6095727752
146.8849000329	348.3358999979	124.594437601
154.0486000329	348.3424999979	124.5727055275
161.5584000329	348.3428999979	124.5562707777
167.3016000329	348.3404999979	124.537399391
168.3600000329	348.3226999979	124.5345435017
168.3722000329	340.7386999979	124.5510480104
161.0129000329	340.7086999979	124.5715743624
154.6366000329	340.7090999979	124.5855052782
144.4001000329	340.7094999979	124.616191262
142.4192000329	340.7306999979	124.617948598
142.9383000329	337.3547999979	124.623698813
148.7798000329	337.3565999979	124.6106621085
155.9757000333	337.3782998691	124.5887568322
161.3562000329	337.3870999979	124.5774169851
167.3521000329	337.4297999979	124.5603763089
168.3820000329	337.4674999979	124.5579073949
168.5164000329	331.4151999979	124.5747863961
163.7013000329	331.4095999979	124.5909449058
159.8022000329	331.4100999979	124.5988608961
154.1631000329	331.4103999979	124.6099122673
149.3940000329	331.4207999979	124.6246921825
143.9608000329	331.4069999979	124.6346332667
144.9461000329	327.8292999979	124.639667774
157.7001000329	327.8394999979	124.6104885794
163.7701000329	327.8472999979	124.6028780878
168.4164000329	327.8538999979	124.5867007381
168.4290000329	326.2843999979	124.5932596586
160.9759000329	326.2792999979	124.6133366908
157.2360000329	326.2787999979	124.6174084674
151.9102000329	326.2704999979	124.6297449865
148.0189000329	326.2685999979	124.6403063458
145.1619000329	326.1892999979	124.6429328916
145.5061000329	323.5751999979	124.6482339599
152.1439000329	323.5768999979	124.6363864956
158.5767000329	323.6295999979	124.6251670492
164.4092000329	323.6606999979	124.615821616
168.4831000329	323.7498999979	124.6046979508
168.4538000329	315.7840999979	124.644043896
162.4149000329	315.7285999979	124.6546665551
157.7481000329	315.7237999979	124.6552564888
153.7693000329	315.7255999979	124.6597360606
147.0057000329	315.7268999979	124.6665364714
148.1921000329	310.9217999979	124.679945915
158.0854000329	310.9666999979	124.6770823818
161.1201000329	310.9826999979	124.6791887307
165.3404000329	311.0541999979	124.6738912344
168.5318000329	311.1620999979	124.6697232299
168.5338000329	304.9207999979	124.70281925
163.4055000333	304.9236998691	124.7050210314
158.7776000329	304.9229999979	124.7049491684
154.9094000329	304.9234999979	124.7020768518
149.1204000329	304.9237999979	124.7011057005
149.2837000329	302.3858999979	124.70887363
160.2217000329	302.3978999979	124.7163986226
167.7527000329	302.5712999979	124.7157464426
168.5096000329	302.5736999979	124.7159979337
168.5152000329	297.1852999979	124.7450492855
159.9624000329	297.1771999979	124.7432576924
152.3760000329	297.1689999979	124.737891509
150.4213000329	297.1750999979	124.7324640424
151.4695000329	292.8974999979	124.7569416837
160.4032000329	292.9711999979	124.7672192747
168.2594000329	293.1323999979	124.7685691662
168.0672000329	293.0746999979	124.7682789992
168.6077000329	289.1865999979	124.7912796638
165.2659000329	288.9986999979	124.7927717939
162.8537000329	288.9990999979	124.7929264209
157.7095000329	288.9972999979	124.7864682251
152.3927000329	289.0585999979	124.7796978472
152.5410000329	286.0862999979	124.7931375403
159.0637000329	286.2714999979	124.8016138101
162.9340000329	286.2987999979	124.8056589481
165.6413000329	286.3410999979	124.8052877483
168.6259000329	286.4075999979	124.8058403932
168.6266000329	282.4668999979	124.8237857573
164.0799000329	282.4672999979	124.8211752356
155.2886000329	282.4631999979	124.8156470955
153.0471000329	282.5477999979	124.8130803502
153.0927000329	282.0317999979	124.8155460666
153.2126000329	282.0364999979	124.8158037518
157.8780000329	282.0483999979	124.8167353709
160.3109000329	282.1256999979	124.8181688152
164.0892000329	282.1591999979	124.8218855786
167.6030000329	282.2524999979	124.8241463316
168.5491000329	282.2435999979	124.8249737039

