481.3151001868	523.4306000382	93.8887197567
481.3150001868	523.2736000382	93.9391482785
481.1462001868	523.2731000382	93.9408654432
481.1462001868	523.4262000382	93.9066631566
490.5788001868	400.8532000382	119.9863073824
490.5787001868	400.7061000382	120.0116467273
490.4289001868	400.7049000382	120.0068883778
490.4292001868	400.8530000382	119.9821998487
430.3059001868	401.0576000382	119.7173234971
430.3047001868	400.8996000382	119.7612397883
430.1186001868	400.8994000382	119.7595642694
430.1184001868	401.0523000382	119.7198802886
440.5616001868	523.5608000382	93.7529500423
440.5614001868	523.4088000382	93.7705766564
440.4091001868	523.4087000382	93.772948248
440.4089001868	523.5575000382	93.755533545
