440.5967001868	523.5459000382	93.7543408165
476.8724001868	523.0098000382	93.9844109519
480.3391001868	523.0587000382	93.9805479579
480.5737001868	510.4436000382	96.7511464273
476.6324001868	510.4395000382	96.7493381414
472.8846001868	510.4602000382	96.7333846337
440.8635001868	510.4617000382	96.6376912041
440.2556001868	503.8448000382	98.0545814916
470.8449001868	503.8448000382	98.163064101
476.9181001868	503.8527000382	98.1684986706
480.3319001868	503.8487000382	98.1817120804
482.3043001868	503.8798000382	98.1850831329
482.3008001868	495.1932000382	100.0519518673
479.2431001868	495.1931000382	100.0412006866
476.3955001868	495.1930000382	100.0413340925
472.9127001868	495.1929000382	100.0262057603
469.3153001868	495.1902000382	100.0095308349
438.9345001868	495.2975000382	99.8666055809
438.7405001868	484.6460000382	102.1099708839
467.0958001868	484.6449000382	102.2471821178
472.1094001868	484.6591000382	102.2686945651
475.9001001868	484.6574000382	102.2804681129
480.4870001868	484.6634000382	102.3068710472
483.4905001868	484.6594000382	102.3180910714
483.6303001868	475.7239000382	104.2252338467
479.0298001868	475.7087000382	104.2049616533
475.4296001868	475.7086000382	104.1825256858
470.6127001868	475.7085000382	104.1545380881
466.2837001868	475.7059000382	104.1404117972
438.2447001868	475.6876000382	104.0149827652
436.9655001868	467.5829000382	105.7087804618
463.7995001868	467.5749000382	105.8475248448
470.6232001868	467.5642000382	105.8835049325
476.6549001868	467.5642000382	105.9194843362
480.4383001868	467.5634000382	105.9259350629
485.1874001868	467.6263000382	105.9446257119
485.3124001868	459.1179000382	107.7409336496
481.0160001868	459.1109000382	107.7256532992
476.5123001868	459.1064000382	107.7045449874
472.5256001868	459.1076000382	107.6819020533
467.1197001868	459.1076000382	107.6526462436
462.2521001868	459.1076000382	107.6283223697
435.8929001868	459.0981000382	107.497103539
434.7875001868	448.6266000382	109.7239364858
460.0933001868	448.6265000382	109.8314621839
466.7445001868	448.6264000382	109.8664190694
471.1380001868	448.6279000382	109.8878244567
475.0309001868	448.6171000382	109.9029579872
478.9412001868	448.6165000382	109.934803374
482.0554001868	448.6242000382	109.9437038056
485.8346001868	448.6241000382	109.9536411678
486.5253001868	440.8212000382	111.6035431932
480.8036001868	440.8206000382	111.5880549739
476.0456001868	440.8206000382	111.5598585922
472.5197001868	440.8160000382	111.5516246084
467.3760001868	440.8135000382	111.5266608319
463.3105001868	440.8089000382	111.511457219
458.2208001868	440.8089000382	111.4874540749
435.1206001868	440.7685000382	111.3879216909
434.7800001868	430.1308000382	113.6433300008
456.8379001868	430.1318000382	113.7434049774
461.1867001868	430.1277000382	113.7602114022
464.8989001868	430.1295000382	113.7817713639
468.7870001868	430.1267000382	113.7821737405
472.1801001868	430.1266000382	113.8022284462
475.7935001868	430.1152000382	113.8132741422
480.0518001868	430.1146000382	113.8277016093
483.2965001868	430.1145000382	113.843505662
487.0945001868	430.1286000382	113.8547767275
487.7205001868	422.2037000382	115.5219921313
484.0635001868	422.1858000382	115.507593021
479.5928001868	422.1859000382	115.4950235356
476.2465001868	422.1785000382	115.4847464024
471.6150001868	422.1766000382	115.468815809
467.2347001868	422.1767000382	115.4534303081
462.4787001868	422.1724000382	115.4306252819
458.6514001868	422.1712000382	115.4233050447
455.2388001868	422.1487000382	115.4279943367
434.0289001868	422.1349000382	115.3224788736
433.0691001868	416.3944000382	116.5276553569
453.8781001868	416.3920000382	116.6132972342
458.7515001868	416.3920000382	116.6352228836
464.1026001868	416.3983000382	116.6529210028
470.2985001868	416.3967000382	116.6759767478
475.2886001868	416.3975000382	116.686700752
479.8293001868	416.3961000382	116.7003125955
483.4302001868	416.3974000382	116.7183121112
488.8294001868	416.3434000382	116.7422136585
488.8353001868	407.3769000382	118.6061255434
481.5999001868	407.3768000382	118.5852947069
475.3705001868	407.3768000382	118.5633562391
471.9115001868	407.3767000382	118.5478394524
468.7816001868	407.3779000382	118.5456847306
465.5386001868	407.3749000382	118.5293476762
461.5714001868	407.3749000382	118.5228236569
458.4294001868	407.3507000382	118.5049884675
455.6000001868	407.3539000382	118.4972568046
453.6693001868	407.3520000382	118.481199459
431.6814002027	407.3287000395	118.4080489205
431.3856001868	403.3947000382	119.2242141226
451.4214001868	403.4083000382	119.2932715719
455.8434001868	403.4082000382	119.3097974271
459.9141001868	403.4049000382	119.3239458529
463.9669001868	403.4049000382	119.3409358877
469.3841001868	403.4078000382	119.3568607161
475.2038001868	403.4249000382	119.3789177754
480.0733001868	403.4274000382	119.4007971295
484.0835001868	403.4255000382	119.4175447059
489.8966001868	403.4267000382	119.4349983989
489.8944001868	401.1470000382	119.8959667701
483.8026001868	401.1522000382	119.8887274939
477.5257001868	401.1253000382	119.8781464703
472.3818001868	401.1555000382	119.8418787367
464.1142001868	401.1684000382	119.8002346712
459.7212001868	401.1953000382	119.7768476361
452.5084001868	401.2060000382	119.7516019371
430.4515001868	401.1818000382	119.6850094082
