323.2349000329	413.9699999979	88.9434459872
344.2701000333	426.9260998691	88.6976877394
348.6753000329	430.5649999979	88.4735545668
355.9144000329	434.5627999979	88.4782133672
360.0640000329	439.1210999979	88.055002701
365.5324000329	440.4765999979	88.3643644256
370.4783000329	442.7799999979	88.4448137928
366.8461000329	447.4628999979	87.2088142545
360.2203000329	445.2435999979	86.9411410993
351.9683000329	443.3430999979	86.4468028362
341.5391000329	439.0570999979	86.1709955767
317.8166000329	425.8407999979	86.1847904424
316.7177000329	429.0813999979	85.4695367871
340.2986000329	447.7194999979	84.4385407359
346.9243000329	447.7144999979	85.1209639161
357.1606000329	448.9130999979	85.9514048051
365.4914000329	451.3205999979	86.3544102711
357.4494000329	463.3689999979	83.3028117596
348.7940000329	463.0391999979	82.4785988555
342.2186000329	460.3373999979	82.3038173022
336.1188000329	459.9498999979	81.745385152
307.3605000329	450.0239999979	80.615229904
303.1684000329	459.2029999979	78.4758236505
330.4595000329	470.9221999979	79.1222873417
337.1835000329	471.5036999979	79.7067319905
345.6060000329	473.6835999979	80.1706662178
354.4314000329	474.3054999979	80.9731841993
344.7921000329	484.8144999979	78.0324382679
336.6864000329	484.8159999979	77.2000110071
329.6450000329	482.9600999979	76.8054219463
296.1046000329	476.3941999979	74.5550764679
290.3606000329	489.0400999979	71.6100368166
321.1380000329	502.2968999979	72.3715175005
332.4780000329	502.3490999979	73.5286647885
336.0199000329	502.5017999979	73.8762853973
329.9989000329	511.9267999979	71.5161144363
321.0617000329	511.5126999979	70.6605089022
315.1985000329	511.5085999979	70.0493172494
283.1452000329	506.4184999979	67.6321414715
278.1358000329	516.8620999979	65.1598412779
311.0057000329	526.9035999979	66.7687792556
316.3729000329	527.0472999979	67.300482679
320.6296000329	527.0625999979	67.7528380319
315.5318000324	534.0947001267	65.9130305624
310.0624000329	534.0565999979	65.3378243026
275.5080000329	523.6173999979	63.6161451271
