449.5542000329	524.1960999979	60.5925014868
451.9512000329	524.1994999979	60.5339193412
454.6096000329	524.1998999979	60.4989912228
458.0737000329	524.2001999979	60.4847150665
461.4299000329	524.2006999979	60.5068842696
466.5632000329	524.2072999979	60.5136619284
469.7800000329	524.2090999979	60.4972762989
472.1402000329	524.2093999979	60.4809292729
475.6505000329	524.2098999979	60.4683778836
478.6422000329	524.2132999979	60.4733993714
477.2612000329	520.6075999979	60.5143869733
474.1621000329	520.6060999979	60.5313897662
470.1169000329	520.6063999979	60.5474419943
465.1767000329	520.6067999979	60.5332282165
459.9514000329	520.6071999979	60.4728944444
455.7846000329	520.6076999979	60.4585590939
450.6315000329	520.6080999979	60.5252892237
449.8598000329	520.6083999979	60.5543380062
449.0217000329	515.4272999979	60.5625635348
453.1949000329	515.4298999979	60.4411578838
458.1750000329	515.4311999979	60.4411517573
463.2388000329	515.4315999979	60.4709820646
468.7573000329	515.4349999979	60.5624675277
472.6190000329	515.4343999979	60.5700116468
477.0757000329	515.4354999979	60.5140363099
475.5531000329	510.4016999979	60.5755241512
469.8003000329	510.4035999979	60.5683933727
466.1146000329	510.4038999979	60.4790552512
461.9436000329	510.4019999979	60.4505709835
457.7370000329	510.4023999979	60.4494357599
453.4272000329	510.4027999979	60.4453666873
448.9035000329	510.4031999979	60.551669588
448.5378000329	507.1952999979	60.5510161518
451.1625000329	507.1956999979	60.4574851667
455.9595000329	507.1960999979	60.4522904985
462.8959000329	507.1956999979	60.4545034301
469.2738000329	507.1961999979	60.5419880808
473.6035000329	507.1965999979	60.5961949066
475.0738000329	507.1988999979	60.5985267169
473.6799000329	499.4547999979	60.5536592777
469.604899941	499.455200001	60.505729408
465.1752000329	499.4554999979	60.4782805622
460.7112000329	499.4606999979	60.4739868207
455.8176000329	499.4608999979	60.4728785047
450.8509000329	499.4613999979	60.4745085356
447.5806000329	499.4463999979	60.5555404722
447.6303000329	497.8140999979	60.549369861
452.8033000329	497.8151999979	60.4637761829
457.0924000329	497.8155999979	60.4704179007
462.5071000329	497.8202999979	60.4762714004
468.0711000329	497.8219999979	60.494259315
473.8074000329	497.8304999979	60.5523677072
472.5513000329	492.4452999979	60.5449795847
467.2704000329	492.4474999979	60.5047326472
463.9500000329	492.4477999979	60.4860132636
458.7713000329	492.4473999979	60.4775243222
456.408199941	492.447800001	60.4713966671
452.5273000329	492.4496999979	60.4669745461
446.9740000329	492.4613999979	60.57170379
446.5353000329	486.6631999979	60.5613720189
451.9580000329	486.6635999979	60.4833549371
457.1917000329	486.6691999979	60.4822023609
460.4041000329	486.6707999979	60.4831517677
469.7516000329	486.6711999979	60.5428911346
471.2295000329	486.6807999979	60.5536196944
470.6635000329	481.7425999979	60.5655894532
465.3863000329	481.7423999979	60.5060018497
461.4352000329	481.7397999979	60.487363629
456.0942000329	481.7400999979	60.4900473674
451.5186000329	481.7405999979	60.4910865737
447.2133000329	481.7408999979	60.538483542
446.2897000329	481.7338999979	60.5634511482
446.2894000329	476.8783999979	60.5450047277
451.0247000329	476.8787999979	60.4974213629
455.4312000329	476.8791999979	60.5034654303
459.1202000329	476.8809999979	60.501491058
463.0153000329	476.8813999979	60.4984058898
466.4010000329	476.8858999979	60.5203459906
469.9246000329	476.8740999979	60.5705342751
468.4768000329	470.9577999979	60.5813346988
459.2777000329	470.9576999979	60.4872391664
454.2295000329	470.9543999979	60.4860608059
446.2389000329	470.9525999979	60.5194742785
445.3087000329	470.9559999979	60.5495700647
444.8941000329	464.6522999979	60.5414786058
449.6626000329	464.6526999979	60.4838148162
453.3600000329	464.6580999979	60.485842747
458.7901000329	464.6585999979	60.4834894541
465.5260000329	464.6618999979	60.5443642657
467.4575000329	464.6635999979	60.5764102827
466.2406000329	459.1250999979	60.5226720924
459.5170000329	459.1264999979	60.5000072078
454.4677000329	459.1234999979	60.5075321189
445.4723000329	459.1160999979	60.5452703286
444.4237000329	459.1166999979	60.5683720868
444.1443000329	454.2662999979	60.5828772121
449.7446000329	454.2665999979	60.5066528117
459.1559000329	454.2733999979	60.5059998806
465.0370000329	454.2737999979	60.5141239905
465.4570000329	454.2807999979	60.5187446499
463.8218000329	447.2414999979	60.5491451974
460.5021000329	447.2392999979	60.5311841514
456.6843000329	447.2390999979	60.5086999175
452.1247000329	447.2393999979	60.5046724877
446.8995000329	447.2398999979	60.5112147253
443.5748000329	447.2402999979	60.5908347151
442.8981000329	440.5431999979	60.5948446004
449.6347000329	440.5435999979	60.5086617553
455.9859000329	440.5450999979	60.5083500092
461.0393000329	440.5484999979	60.5370724514
463.061799941	440.557500001	60.553646082
461.5405000329	434.9326999979	60.5461638955
455.4898000329	434.9330999979	60.5213984465
448.9190000329	434.9369999979	60.5108868389
444.1500000329	434.9373999979	60.5392118443
442.6058000329	434.9360999979	60.5719900513
441.9878000329	428.6540999979	60.5812100805
448.0244000329	428.6544999979	60.4983117347
453.7082000329	428.6578999979	60.5040079218
459.9511000329	428.6591999979	60.5484380763
460.6691000329	428.6524999979	60.5567406131
459.9524000329	424.1732999979	60.5524515706
452.7517000329	424.1650999979	60.5114726497
447.8989000329	424.1654999979	60.5224976031
443.0582000329	424.1633999979	60.555447079
441.7010000329	424.1324999979	60.5854300971
441.4901000329	420.7338999979	60.5844758731
447.0731000329	420.7375999979	60.5362213239
453.5224000329	420.7390999979	60.521417776
456.3656000329	420.7394999979	60.5135177348
459.3508000329	420.7397999979	60.5518108213
457.9529000329	414.6831999979	60.5553427601
453.5226000329	414.6828999979	60.5326615202
448.4846000329	414.6831999979	60.5301730658
442.9869000329	414.6836999979	60.5461908442
440.9553000329	414.6796999979	60.5772800693
440.932499941	409.413100001	60.5798332754
444.5068000329	409.4127999979	60.5585059037
449.8171000329	409.4131999979	60.5306123234
454.9586000329	409.4135999979	60.5510213359
457.4185000329	409.4200999979	60.597596007
456.2338000329	407.4188999979	60.578113674
451.0503000329	407.4192999979	60.5301228045
446.2854000329	407.4195999979	60.5521622521
442.3279000329	407.4173999979	60.566260128
440.4584000329	407.4080999979	60.5863192691
440.3697000329	401.9654999979	60.5774451659
444.4171000329	401.9675999979	60.553664557
449.4746000329	401.9656999979	60.5442216086
450.9552000329	401.9798999979	60.5485454202
449.2844000329	400.5214999979	60.5475306243
445.1652000329	400.5218999979	60.543502451
441.4961000329	400.5222999979	60.5509683083
439.8984000329	400.5108999979	60.5632555754
439.8913000329	399.6778999979	60.5491607414
441.6368000329	399.6783999979	60.5433515556
444.0709000329	399.6786999979	60.5418649219
448.5650000329	399.6791999979	60.549710593
