473.8009001868	269.0799000382	119.9821063875
473.8010001868	268.8788000382	119.98295736
473.5969001868	268.8789000382	119.9840676024
473.5970001868	269.0840000382	119.9833190219
472.1354001868	144.9945000382	119.9775062977
472.1355001868	144.7890000382	119.977253459
471.9313001868	144.7900000382	119.9769796754
471.9313001868	144.9929000382	119.9775936227
413.3420001868	145.7832000382	119.9526159534
413.3404001868	145.5765000382	119.9525378244
413.1348001868	145.5766000382	119.9524832966
413.1376001868	145.7824000382	119.9525846746
415.0085001868	269.8712000382	120.058256534
415.0063001868	269.6647000382	120.0587686288
414.8013001868	269.6661000382	120.0591321151
414.8047001868	269.8717000382	120.0583261018

