475.4422001868	394.1153000382	119.8375162087
475.4430001868	393.9095000382	119.8383997256
475.2365001868	393.9096000382	119.8390376116
475.2366001868	394.1141000382	119.8385595998
473.7797001868	270.0247000382	120.0182222181
473.7798001868	269.8236000382	120.0174365499
473.5750001868	269.8245000382	120.0187940449
473.5758001868	270.0280000382	120.0186584025
414.9878001868	270.8120000382	120.1371174548
414.9842001868	270.6117000382	120.1375563458
414.7803001868	270.6118000382	120.1372483037
414.7827001868	270.8149000382	120.13745578
416.6502001868	394.9016000382	119.9503016292
416.6474001868	394.6994000382	119.9512638287
416.4428001868	394.6995000382	119.9517774675
416.4430001868	394.9028000382	119.9513177956

