468.0328001868	517.6985000382	93.7441752472
468.0329001868	517.5569000382	93.7903815083
467.8815001868	517.5570000382	93.7897241567
467.8815001868	517.7013000382	93.7500475536
476.2308001868	395.0379000382	119.7220835289
476.2309001868	394.8910000382	119.758797207
476.0768001868	394.8923000382	119.7565280709
476.0769001868	395.0378000382	119.7277310922
415.9265001868	395.8423000382	119.8401148566
415.9256001868	395.7005000382	119.8709049131
415.7714001868	395.7006000382	119.8742849439
415.7715001868	395.8423000382	119.8353384773
427.3079001868	518.3464000382	94.3200338297
427.3081001868	518.1995000382	94.3498834297
427.1538001868	518.1997000382	94.3565821268
427.1538	518.3471	94.32003

