427.3736001868	517.8458000382	94.4185635853
461.0810001868	517.3224000382	93.9627096565
463.6604001868	517.3226000382	93.9095566641
466.3200001868	517.3237000382	93.8563162682
467.8321001868	517.3202000382	93.8327625681
467.8587001868	511.2331000382	95.1406336935
463.6265001868	511.2260000382	95.2132977727
427.5488001868	511.2192000382	95.7982546757
426.5115001868	505.1450000382	97.0608463578
459.6770001868	505.1456000382	96.57223357
466.8820001868	505.1457000382	96.4662039244
468.5742001868	505.1654000382	96.4336664995
468.5898001868	498.8812000382	97.7843893784
464.1971001868	498.8813000382	97.8440629853
459.7972001868	498.8763000382	97.9034903212
425.9572001868	498.8787000382	98.3473250353
425.7751001868	492.6488000382	99.6247595476
457.5844001868	492.6477000382	99.2549996068
463.3490001868	492.6251000382	99.1799324739
469.0083001868	492.6318000382	99.1163650682
469.0810001868	487.8768000382	100.1337630143
464.2009001868	487.8756000382	100.1886905571
455.4590001868	487.8757000382	100.2833741366
425.3518001868	487.8718000382	100.6129305991
424.7609001868	479.2789000382	102.3902890166
454.1836001868	479.2836000382	102.1198459965
461.6302001868	479.2251000382	102.0566109592
467.6717001868	479.2252000382	101.9927429877
469.8692001868	479.2225000382	101.974929811
470.2175001868	473.2879000382	103.2416352852
465.4824001868	473.2880000382	103.280863751
461.2563001868	473.2881000382	103.3206075809
456.8577001868	473.2892000382	103.3565206062
452.4152001868	473.2959000382	103.3898732914
423.8705001868	473.2959000382	103.6399109826
422.6451001868	459.9158000382	106.4352478343
450.0710001868	459.9134000382	106.232413008
455.2038001868	459.9179000382	106.1929962273
461.0228001868	459.9188000382	106.1551301145
470.7060001868	459.9076000382	106.0806697091
471.5243001868	453.2700000382	107.4840764818
467.1189001868	453.2700000382	107.5157896079
459.3658001868	453.2671000382	107.5626548825
451.1152001868	453.2672000382	107.6286727656
448.0742001868	453.2678000382	107.6438778773
421.9309001868	453.2647000382	107.8270582169
421.3203001868	447.0412000382	109.1302216743
446.9097001868	447.0401000382	108.9620897296
451.0972001868	447.0212000382	108.934537258
455.3996001868	447.0213000382	108.9079969802
459.5507001868	447.0261000382	108.885256212
464.9924001868	447.0261000382	108.8479391709
467.7912001868	447.0308000382	108.8240884149
471.9631001868	447.0352000382	108.8013554379
472.0474001868	438.5831000382	110.5918377838
467.7042001868	438.5831000382	110.6133434397
461.2080001868	438.5832000382	110.6594218939
455.1486001868	438.5877000382	110.690993471
445.3550001868	438.5985000382	110.7495336197
420.8344001868	438.6037000382	110.901190822
420.0521001868	430.2661000382	112.646555713
444.8395001868	430.2634000382	112.5050465883
451.4571001868	430.2149000382	112.4798604784
456.3081001868	430.2144000382	112.4503961041
464.7509001868	430.2198000382	112.4003048764
470.7762001868	430.2102000382	112.3709494392
473.4271001868	430.2141000382	112.3543108223
473.9046001868	421.6827000382	114.146311536
468.6598001868	421.6923000382	114.1744172644
462.4111001868	421.6924000382	114.2126284641
458.1301001868	421.6867000382	114.2398306871
451.0820001868	421.6899000382	114.2702682029
447.7647001868	421.6910000382	114.2848096381
441.7359001868	421.6987000382	114.3199461234
419.2331001868	421.6928000382	114.4385127965
418.7191001868	415.7807000382	115.6777878409
441.3904001868	415.7753000382	115.5574744706
448.0085001868	415.7346000382	115.5409611455
453.2448001868	415.7347000382	115.5039208876
458.9923001868	415.7348000382	115.4791015844
463.9702001868	415.7342000382	115.4583305724
470.9987001868	415.7171000382	115.4168978584
474.1438001868	415.6999000382	115.4065957638
474.5000001868	409.9419000382	116.6158897304
469.2765001868	409.9420000382	116.6394079148
463.2430001868	409.9421000382	116.6720096956
456.3214001868	409.9421000382	116.7067281562
450.5675001868	409.9411000382	116.7343181216
444.4885001868	409.9292000382	116.7630381899
440.4505001868	409.9293000382	116.7850089058
418.2390001868	409.9366000382	116.8939095265
417.5802001868	403.6180000382	118.2199282942
439.0840001868	403.6149000382	118.1080161996
446.1699001868	403.6150000382	118.0687994906
453.1172001868	403.6139000382	118.0429351154
459.0071001868	403.5638000382	118.0267306759
465.9093001868	403.5652000382	117.9943456977
473.4609001868	403.5631000382	117.9558900933
475.2794001868	403.5647000382	117.9504406808
475.5456001868	396.4786000382	119.4315122529
468.9638001868	396.4787000382	119.4620674152
459.0955001868	396.5752000382	119.489268874
453.1760001868	396.5695000382	119.5146138935
441.5533001868	396.6456000382	119.5425812927
435.3905001868	396.6522000382	119.5725984415
416.6422001868	396.9719000382	119.5968896648
416.6396001868	395.9501000382	119.8215977522
431.1165001868	395.9565000382	119.732924231
437.7433001868	396.0105000382	119.6925415678
447.6955001868	396.0176000382	119.6445932678
453.5167001868	395.9851000382	119.6318549092
457.1468001868	395.7013000382	119.6774573064
460.9472001868	395.7024000382	119.6586286378
469.7352001868	395.7035000382	119.613139396
475.1649001868	395.7077000382	119.5953429337
476.0017001868	395.7338000382	119.5915098707
