405.8335001868	380.5791000382	119.6279376016
409.3241001868	380.5816000382	119.5936707191
417.4096001868	380.4423000382	119.6150640003
433.7201001868	380.2609000382	119.5857899074
454.7712001868	379.9902000382	119.6175926905
464.6775001868	380.0002000382	119.5765529386
461.2006001868	387.0885000382	118.0990544204
440.9110001868	387.1410000382	118.1436813061
423.9062001868	387.3146000382	118.1537012007
410.1089001868	387.3860000382	118.1758548456
406.1773001868	387.4397000382	118.1814561975
407.1599001868	398.4979000382	115.8695024
416.8048001868	398.4985000382	115.8319222137
424.2983001868	398.4702000382	115.819421099
433.7129001868	398.3709000382	115.8174279522
443.2354001868	398.2855000382	115.8100632633
453.5854001868	398.1221000382	115.8112415062
462.3038001868	398.0374000382	115.812851466
461.7075001868	410.1588000382	113.2736050834
445.0504001868	410.2072000382	113.2998789334
410.9957001868	410.3426000382	113.3631806749
407.2912001868	410.3589000382	113.3821193401
433.0513001868	410.2657000382	113.3239393059
408.9255001868	417.8892000382	111.7942379109
417.9572001868	417.8960000382	111.7594940513
424.7732001868	418.2909000382	111.6576113338
435.8781001868	418.1670000382	111.6519775438
449.5989001868	418.0123000382	111.6470919635
460.9629001868	417.8788000382	111.645018181
460.8390001868	422.4213000382	110.6888493219
455.2758001868	422.4543000382	110.6886275985
447.0268001868	422.5345000382	110.7003127028
435.5769001868	422.6502000382	110.7096216391
425.4072001868	422.7779000382	110.7129548198
410.5732001868	422.9218000382	110.7242899043
408.4324001868	422.9646000382	110.7254713115
408.8899001868	427.9690000382	109.6665324145
416.9515001868	427.9818000382	109.6363311341
434.3102001868	427.8831000382	109.6015686069
443.7866001868	427.7711000382	109.596444137
452.8678001868	427.7074000382	109.5836765806
460.3146001868	427.6585000382	109.5850811877
461.5238001868	427.6252000382	109.583747513
461.0347001868	434.6596000382	108.1001360884
447.0385001868	434.6225000382	108.1430871796
438.2576001868	434.6487000382	108.1606921645
426.7147001868	434.6794000382	108.1942312241
421.6139001868	434.6704000382	108.2092117677
411.6127001868	434.7171000382	108.2371733169
409.5126001868	434.7012000382	108.2516675501
410.7199001868	437.1510000382	107.7286762196
416.0292001868	437.1356000382	107.7081153917
423.3358001868	437.1089000382	107.6935460534
431.4943001868	437.0000000382	107.6896592082
441.0435001868	436.9250000382	107.677323728
445.8821001868	436.8908000382	107.6673718851
456.2844001868	436.7768000382	107.6582191507
459.9270001868	436.6979000382	107.6708656276
459.6721001868	440.1556000382	106.9390717044
452.5818001868	440.1802000382	106.9522637286
442.1250001868	440.2769000382	106.9606601575
434.3666001868	440.3801000382	106.9627733013
423.5025001868	440.4107000382	107.0002254062
411.0356001868	440.4631000382	107.029141494
411.4936001868	445.9050000382	105.8833385364
425.6158001868	445.7938000382	105.859488989
435.2304001868	445.7111000382	105.8381998218
441.9228001868	445.6761000382	105.8235700934
444.2822001868	445.6335000382	105.826433848
448.1586001868	445.5678000382	105.8277078345
456.9255001868	445.5447000382	105.8072120418
459.3065001868	445.5683000382	105.796830404
411.7825001868	448.7400000382	105.284645045
423.8140001868	448.6590000382	105.2575174416
431.6732001868	448.5702000382	105.2486735122
444.9266001868	448.4405000382	105.2316743691
454.2605001868	448.3189000382	105.2264170257
458.8927001868	448.2474000382	105.2323355208
412.2350001868	453.6531000382	104.2432506201
421.5706001868	453.6311000382	104.2139104884
443.2710001868	453.5088000382	104.1700882374
457.9474001868	453.4068000382	104.1461765748
459.7182001868	453.4612000382	104.1346588088
413.0539001857	462.7237000469	102.3368504462
424.3796001868	462.6751000382	102.2996286163
434.5726001868	462.6056000382	102.2808328335
443.8454001868	462.5133000382	102.2643225422
452.8123001868	462.4052000382	102.2539887234
457.9491001868	462.3662000382	102.2507222294
413.8701001868	472.0348000382	100.3655814741
428.5958001868	471.9892000382	100.3142114282
439.4802001868	471.9145000382	100.2931401085
452.8710001868	471.8566000382	100.2439189788
457.4838001868	471.9034000382	100.229155593
414.5488001868	479.2990000382	98.8209405511
423.3079001868	479.2786000382	98.788395137
438.2191001868	479.1512000382	98.758250562
445.7501001868	479.0894000382	98.742028263
456.7902001868	479.0525000382	98.7060731546
413.9197001868	483.4961000382	97.9345381681
419.2576001868	483.5044000382	97.9073642755
434.9679001868	483.4320000382	97.8614335292
446.4838001868	483.2988000382	97.8419540965
453.5952001868	483.2044000382	97.8292603967
456.7847001868	483.1594000382	97.8234109657
415.3709001868	487.8491000382	97.0091419242
434.1682001868	487.7639000382	96.9418627604
448.5169001868	487.6814000382	96.8959652506
456.2269001868	487.6408000382	96.8755936578
414.7710001868	492.3315000382	96.0615985042
424.1863001868	492.4655000382	95.9865314405
442.8236001868	492.4053000382	95.9090881225
455.9078001868	492.3394000382	95.8703615033
415.6950001868	500.9155000382	94.2290606109
423.8018001868	501.0143000382	94.1827259486
436.8381001868	500.9088000382	94.1146906745
445.6624001868	500.8184000382	94.0869964744
455.1857001868	500.6831000382	94.0820181048
455.6061001868	501.4915000382	93.9248289556
446.3174001868	501.6540000382	93.9378315055
416.9579001868	502.0118000382	94.0006479755
