510.3883000329	247.9346999979	119.2044025398
510.3896000329	247.7331999979	119.2052598111
510.1878000329	247.7295999979	119.204993744
510.1858000329	247.9296999979	119.2044922514
511.7873000329	123.8387999979	119.2159493477
511.7892000324	123.6417001267	119.2152644663
511.5836000333	123.6359998691	119.2156678194
511.5816000329	123.8400999979	119.2159441913
452.9866000329	123.1798999979	119.2203900565
452.9882000329	122.9773999979	119.220131395
452.7873000329	122.9762999979	119.2199474555
452.7825000329	123.1772999979	119.2201611491
451.5929000329	247.2691999979	119.197952902
451.5950000329	247.0688999979	119.1976919654
451.3895000329	247.0653999979	119.1972652995
451.3909000329	247.2678999979	119.1966986376

