509.0438000329	373.1887999979	119.1009593753
509.0414000329	372.9874999979	119.1019566899
508.8397000329	372.9876999979	119.1024739104
508.8376000329	373.1861999979	119.1019981425
510.3272000329	249.0970999979	119.2087427418
510.3269000329	248.8923999979	119.2086365828
510.1217000329	248.8966999979	119.2091175636
510.1213000329	249.0932999979	119.2088974964
451.5243000329	248.4877999979	119.1803721499
451.5303000329	248.2846999979	119.1792708844
451.3270000329	248.2790999979	119.1788699393
451.3222000329	248.4834999979	119.1795059188
450.2418000329	372.5817999979	119.0494336316
450.2456000329	372.3814999979	119.0505430711
450.0422000329	372.3759999979	119.0501274814
450.0418000329	372.5788999979	119.0484615488

