498.8602000329	496.8271999979	93.4083073507
498.8577000329	496.6840999979	93.4469610385
498.7143000329	496.6833999979	93.4436220938
498.7120000329	496.8272999979	93.4095802032
509.9406000329	374.3780999979	119.3247522501
509.9382000329	374.2309999979	119.3629699014
509.7881000329	374.2351999979	119.3598547287
509.7913000329	374.3752999979	119.3287146684
449.6319000329	373.6937999979	119.120156871
449.6274000329	373.5486999979	119.1513039178
449.4812000329	373.5529999979	119.1518844032
449.4820000329	373.6950999979	119.1163715667
458.1310000329	496.3450999979	93.1582693736
458.1291000329	496.2030999979	93.194239625
457.9794000329	496.2054999979	93.1944999929
457.9849000329	496.3437999979	93.1543976317
