497.3364000329	292.0140999979	119.8623769482
497.3335000329	291.8116999979	119.8625789685
497.1275000329	291.8118999979	119.862677064
497.1297000329	292.0174999979	119.863475213
495.925999941	167.927000001	119.8744376834
495.9253000329	167.7218999979	119.8747359359
495.7202000329	167.7221999979	119.8747114083
495.7202000329	167.9251999979	119.8748253347
437.1282000329	168.5931999979	119.8541317681
437.1281000329	168.3903999979	119.8543600766
436.9221000329	168.3907999979	119.8543627476
436.9233000329	168.5951999979	119.8545251286
438.5367000329	292.6845999979	119.8818262721
438.5364000329	292.4798999979	119.8821376482
438.3288000329	292.4785999979	119.881427869
438.3341000329	292.6868999979	119.8811550655

