498.7637000329	417.0812999979	119.7773250945
498.7633000329	416.8798999979	119.7770524625
498.5590000329	416.8800999979	119.778380029
498.5587000329	417.0817999979	119.7770457236
497.3451000329	292.9907999979	119.8725174967
497.3447000329	292.7880999979	119.8719156342
497.1412000329	292.7883999979	119.8729740821
497.1410000329	292.9912999979	119.8730123626
438.5508000329	293.6648999979	119.9441301589
438.5481000329	293.4606999979	119.9447059922
438.3440000329	293.4608999979	119.9442439311
438.3438000329	293.6631999979	119.9439930859
439.9687000329	417.7532999979	119.8372425843
439.9685000329	417.5521999979	119.8370863637
439.7619000329	417.5523999979	119.8369831568
439.7631000329	417.7547999979	119.8364328146

