491.1040000329	540.5921999979	93.8382904393
491.1037000329	540.4477999979	93.8670167296
490.9529000329	540.4473999979	93.8630279512
490.9527000329	540.5927999979	93.8395331687
499.4462000329	417.9395999979	119.8323228627
499.4458000329	417.7963999979	119.8718954667
499.2917000329	417.7980999979	119.8704845684
499.2914000329	417.9434999979	119.8327585936
439.1390000329	418.6358999979	119.7539448479
439.1386000329	418.4898999979	119.7893988492
438.9860000329	418.4893999979	119.7895077101
438.9861000329	418.6372999979	119.7534604678
450.3681000329	541.0920999979	93.9310709941
450.3683000329	540.9494999979	93.9613659085
450.2200000329	540.9491999979	93.9717082195
450.2200000329	541.0960999979	93.930684809
