450.9724000329	540.7451999979	94.0086616103
484.2117000329	540.3129999979	93.9289005709
487.1804000329	540.3088999979	93.9151970279
490.2921000329	540.3008999979	93.9036691648
490.9913000329	540.3011999979	93.894965149
491.0243000329	534.1377999979	95.2387724466
488.6376000329	534.1380999979	95.2410708159
484.7786000329	534.1384999979	95.2616904543
483.0104000329	534.1612999979	95.2651803915
450.4279000329	534.1614999979	95.429100785
449.7950000329	529.8673999979	96.3423269801
482.1944000329	529.8639999979	96.2034563831
487.1808000329	529.8446999979	96.1880673339
491.2971000329	529.8372999979	96.1743930337
491.5840000329	525.1103999979	97.1942935353
488.9256000329	525.1050999979	97.2014770734
485.5741000329	525.1054999979	97.2141251726
480.9476000329	525.1123999979	97.2280146989
449.3490000329	525.1183999979	97.3534107674
448.6372000329	517.2588999979	99.0042006602
480.4723000329	517.2592999979	98.9157843786
485.2023000329	517.2596999979	98.8945630061
491.1685000329	517.2617999979	98.8782813026
492.4002000329	517.2581999979	98.8755680138
492.4266000329	509.8549999979	100.460842242
488.5584000329	509.8553999979	100.4662183542
480.6355000329	509.8551999979	100.4869787579
477.8866000329	509.8593999979	100.4896574669
447.8467000329	509.8657999979	100.584686918
447.4485000329	504.4363999979	101.7232174637
476.8834000329	504.4334999979	101.646700533
481.5213000329	504.4352999979	101.6336435088
485.8449000329	504.4384999979	101.6224205686
490.8222000329	504.4388999979	101.612672174
492.8667000329	504.4479999979	101.6108611338
493.4414000329	493.0700999979	104.024526679
488.1000000329	493.0626999979	104.0191499774
481.3990000329	493.0629999979	104.0416021689
476.0215000329	493.0627999979	104.0530531413
474.5798000329	493.0730999979	104.0529331407
446.3349000329	493.0836999979	104.1158586021
446.0256000329	486.0133999979	105.6019254392
473.9297000329	486.0123999979	105.5414401942
480.8568000329	486.0128999979	105.5312005816
485.5793000329	486.0132999979	105.5202458751
490.7667000329	486.0143999979	105.5110699462
493.7856000329	486.0129999979	105.5140391259
494.5435000329	476.9766999979	107.4191173722
488.3622000329	476.9765999979	107.4267561335
483.9378000329	476.9763999979	107.4324871984
479.3791000329	476.9748999979	107.4361208895
475.0512000329	476.9786999979	107.4447194393
471.2576000329	476.9744999979	107.4546920817
444.8668000329	476.9495999979	107.5117080299
444.3079000329	469.2577999979	109.1388443808
469.8156000329	469.2568999979	109.0858515162
475.7091000329	469.2571999979	109.0704695247
481.0158000329	469.2575999979	109.0689564665
485.4621000329	469.2579999979	109.0617548789
490.6003000329	469.2584999979	109.0558281564
494.2978000329	469.2623999979	109.0503372831
495.5171000329	469.2704999979	109.0489832439
495.7150000329	459.9482999979	111.0303630338
490.6089000329	459.9486999979	111.0219113313
486.6211000329	459.9491999979	111.0267464116
481.6206000329	459.9510999979	111.0383536303
474.5212000329	459.9514999979	111.0454258843
468.1892000329	459.9801999979	111.0467407452
443.5627000329	459.9615999979	111.0980722035
442.7819000329	452.9711999979	112.5649846677
466.8643000329	452.9636999979	112.5307293981
471.9718000329	452.9640999979	112.5240292798
478.3864000329	452.9637999979	112.5169330705
483.1549000329	452.9633999979	112.5018897891
489.6947000329	452.9637999979	112.4977160205
496.2818000329	452.9641999979	112.4846817309
496.9713000329	446.1919999979	113.9174420188
492.8826000329	446.1932999979	113.9222373823
486.0186000329	446.1966999979	113.9278151596
480.620299941	446.191100001	113.9332840238
471.4168000329	446.1908999979	113.9517614143
465.1862000329	446.1888999979	113.9577152642
442.1779000329	446.1829999979	113.9866849436
441.6040000329	439.3383999979	115.4249018606
463.9958000329	439.3408999979	115.3929896565
473.9573000329	439.3457999979	115.3861259883
480.2525000329	439.3462999979	115.3745718383
485.6456000329	439.3466999979	115.3666667186
490.9801000329	439.3469999979	115.3614301005
496.4011000329	439.3613999979	115.3519342391
497.4954000329	439.3647999979	115.3627934997
497.8768000329	427.5020999979	117.8442414479
492.4330001247	427.4912999949	117.8380050455
484.3288000329	427.4917999979	117.8544730847
476.8243000329	427.4921999979	117.8587043745
468.9904000329	427.4887999979	117.868954893
462.5996000329	427.4892999979	117.8759932316
461.4485000329	427.4994999979	117.8750439187
440.6636000329	427.5033999979	117.9088194741
439.5927000329	420.0446999979	119.4636837653
457.5102000329	420.0481999979	119.4355830012
462.2666000329	420.0485999979	119.4277503272
467.8902000329	420.0488999979	119.4224695069
475.2091000329	420.0492999979	119.4155587052
480.3450000329	420.0419999979	119.4162867328
485.0976000329	420.0422999979	119.4080118458
489.7720000329	420.0427999979	119.403645207
493.3097000329	420.0429999979	119.4007287132
497.3427000329	420.0421999979	119.3972532298
498.7438000329	420.0653999979	119.3824548856
498.7980000329	418.3656999979	119.7550166803
491.4821000333	418.3645998691	119.7543325775
485.5119000324	418.3650001267	119.7629979087
474.3584000329	418.3628999979	119.7688194467
463.3785000329	418.3563999979	119.7818797301
453.9994000329	418.5381999979	119.7495184865
440.3448000329	418.8506999979	119.7030216188
439.3124000329	418.8547999979	119.7167747792
