469.6397000329	523.0411999979	94.2382645272
471.3686000329	523.0363999979	94.2274317401
503.0039000329	523.0195999979	93.9762017564
504.6200000329	523.0177999979	93.9608922089
508.8649000329	523.0048999979	93.9289151932
509.8249000329	519.7957999979	94.6372975325
507.5955000329	519.7961999979	94.6546164137
504.4300000329	519.7965999979	94.6786416095
502.0682000329	519.7998999979	94.7027603878
471.2471000329	519.8058999979	94.935133756
469.1636000329	519.8062999979	94.9461337406
468.9552000329	514.5569999979	96.0628557414
470.7779000329	514.5573999979	96.0512090742
501.3529000329	514.5578999979	95.8482743444
503.9359000329	514.5582999979	95.8281484967
506.3140000329	514.5508999979	95.8155582366
508.2484000329	514.5507999979	95.8038645197
510.5285000329	514.5463999979	95.7946897186
510.7390000329	508.1988999979	97.1730007151
506.4615000329	508.1983999979	97.1919148291
504.1253000329	508.2002999979	97.201127836
502.2219000329	508.2006999979	97.2079008682
500.0980000329	508.2015999979	97.2156168779
470.0894000329	508.2031999979	97.3733129855
468.1503000329	508.1964999979	97.3854839997
467.6991000329	501.7626999979	98.7165739817
469.7374000329	501.7650999979	98.7086779199
498.8361000329	501.7778999979	98.5915370866
502.4036000329	501.7769999979	98.5803464365
505.8040000329	501.7773999979	98.5724899987
509.4631000329	501.7777999979	98.5635887039
511.4538000329	501.7713999979	98.5592881685
511.4541000329	497.6463999979	99.447139459
507.6332000329	497.6455999979	99.4542764924
504.3672000329	497.6409999979	99.4602556483
500.0472000329	497.6413999979	99.4714476254
497.8924000329	497.6454999979	99.4726734999
469.3823000329	497.6426999979	99.5602991281
467.2533000329	497.6433999979	99.5685994626
466.8440000329	492.0611999979	100.7269645839
468.7917000329	492.0623999979	100.7226996137
497.1264000329	492.0591999979	100.661080106
500.4221000329	492.0595999979	100.6580130751
503.7492000329	492.0599999979	100.6573195534
507.5300000329	492.0603999979	100.6472408877
511.8224000329	492.0647999979	100.6446569389
512.0358000329	492.0651999979	100.643929453
512.2954000329	484.0720999979	102.3501038935
509.1288000329	484.0604999979	102.3518122812
506.3446000329	484.0639999979	102.3535765236
503.4253000329	484.0616999979	102.355828873
499.9257000329	484.0620999979	102.3575517038
495.8198000329	484.0624999979	102.3583668836
468.2460000329	484.0672999979	102.3895109103
466.2004000329	484.0593999979	102.3948154466
465.6292000329	477.1376999979	103.8432764709
467.5638000329	477.1395999979	103.8422751372
494.3975000329	477.1214999979	103.8282597739
499.1566000329	477.1233999979	103.8325416077
501.8146000329	477.1238999979	103.8297338078
504.8596000329	477.1243999979	103.8303886044
506.7566000329	477.1248999979	103.8274191596
509.2854000329	477.1251999979	103.8285597101
513.2835000329	477.1275999979	103.8266355258
512.8957000329	470.6422999979	105.2061273878
508.5822000329	470.6404999979	105.2048828351
504.9777000329	470.6378999979	105.2078879053
501.5488000329	470.6349999979	105.2045880993
496.2501000329	470.6299999979	105.2038143107
492.9626000329	470.6214999979	105.2067030663
467.1576000329	470.6234999979	105.2095472972
465.0619000329	470.6267999979	105.2112470313
464.6509000329	460.1199999979	107.4219707473
465.9978000329	460.1136999979	107.4198717944
490.9362000329	460.1197999979	107.423656585
494.9564000329	460.1201999979	107.4282271964
499.2926000329	460.1184999979	107.4344794155
503.8180000329	460.1237999979	107.4360986916
507.1568000329	460.1242999979	107.4363349768
511.1894000329	460.1265999979	107.4413207093
514.0119000329	460.1283999979	107.4406556857
514.5987000329	460.1269999979	107.4402229001
514.7736000329	450.5949999979	109.4580745425
511.8555000329	450.5809999979	109.4587854212
508.0827000329	450.5780999979	109.4573432328
504.3651000329	450.5546999979	109.4599620861
501.0691000329	450.5531999979	109.4596281047
496.8795000329	450.5536999979	109.45371385
491.8473000329	450.5507999979	109.4509230496
489.1797000329	450.5542999979	109.4446700139
465.5217000329	450.5521999979	109.4360143252
463.2559000329	450.5467999979	109.4338120876
463.0073000329	446.7677999979	110.2289205509
465.0701000329	446.7705999979	110.2337898635
488.6517000329	446.7611999979	110.2486067957
492.8314000329	446.7924999979	110.2450917915
497.6484000329	446.7996999979	110.2499805319
501.9391000329	446.8055999979	110.2512790313
505.6379000329	446.8030999979	110.2530309259
509.7087000329	446.8052999979	110.2549096246
513.9025000329	446.8069999979	110.2598095087
515.2632000329	446.8076999979	110.2598440461
515.9425000329	436.5035999979	112.4369304979
512.0807000329	436.5039999979	112.4349902759
508.4039000329	436.5043999979	112.4320834875
505.5970000329	436.5047999979	112.4307472888
501.2476000329	436.5051999979	112.425929303
496.9324000329	436.5074999979	112.4249937328
489.4950000329	436.5083999979	112.4179612137
486.5728000329	436.5002999979	112.4168367618
464.0515000329	436.4855999979	112.3996075413
462.1011000329	436.4884999979	112.3980479301
461.5603000329	428.4139999979	114.0926651996
463.6510000329	428.4116999979	114.0950952082
484.9855000329	428.4142999979	114.1187685568
489.3974000329	428.4147999979	114.1247469307
493.7468000329	428.4204999979	114.1282060492
499.9208000329	428.4238999979	114.1347160563
505.2126000329	428.4273999979	114.1342990773
509.6747000329	428.4289999979	114.13404031
514.3309000324	428.4289001267	114.1366478969
516.6339000329	428.4308999979	114.1388810944
517.3100000329	420.5443999979	115.7911933769
513.1201000329	420.5333999979	115.7947414476
508.2265000329	420.5212999979	115.7965603484
503.5069000329	420.5159999979	115.7963118694
498.8989000329	420.5292999979	115.7888571552
495.3621000329	420.5270999979	115.7880161273
490.3608000329	420.5274999979	115.7827639528
485.9746000329	420.5239999979	115.776049079
483.1568000329	420.5220999979	115.7793399683
462.8982000329	420.5152999979	115.7511825142
460.7481000329	420.5020999979	115.7523267111
460.0551000329	411.3286999979	117.6742657404
462.2058000329	411.3258999979	117.6774184217
482.0822000329	411.3261999979	117.7001567768
485.9960000329	411.3437999979	117.6985200059
492.5965000329	411.3441999979	117.7095649359
496.6468000329	411.3456999979	117.7110299796
500.5363000329	411.3455999979	117.7131778152
504.1135000329	411.3459999979	117.7134606112
507.8273000329	411.3478999979	117.7139876077
512.3017000329	411.3483999979	117.7143374701
517.2951000329	411.3499999979	117.7155765742
518.2309000329	411.3460999979	117.7171171963
518.2301000329	407.1861999979	118.5831108851
513.5705000329	407.1810999979	118.5847719884
508.6305000329	407.1814999979	118.5845301653
503.0836000329	407.1787999979	118.5856390631
497.4333000329	407.1791999979	118.583291032
492.3233000329	407.1786999979	118.5763192734
486.0792000329	407.1716999979	118.5713058862
481.0477000329	407.1699999979	118.567236344
478.9569000329	407.1814999979	118.5651970201
461.5881000329	407.1683999979	118.55001297
459.6594000329	407.1613999979	118.5500305595
459.5078000329	401.6288999979	119.7255394938
461.4506000329	401.6354999979	119.7125290377
473.3696000329	401.6405999979	119.7214861801
476.8830000329	401.6408999979	119.7193405062
480.2386000329	401.6412999979	119.72202465
483.7456000329	401.6371999979	119.7242165546
487.2860000329	401.6363999979	119.7292658396
491.9510000329	401.6367999979	119.7331128233
495.8433000329	401.6371999979	119.736346895
500.0025000329	401.6361999979	119.7383248003
505.5888000329	401.6396999979	119.7422510162
510.3194000329	401.6428999979	119.7385894278
515.7227000329	401.6431999979	119.7456601189
518.7249000329	401.6132999979	119.7524170415
