493.0904001868	275.6309000382	119.8565899182
493.0869001868	275.4296000382	119.8572129315
492.8807001868	275.4296000382	119.8578486812
492.8807001868	275.6301000382	119.8576303081
491.6031001868	151.5381000382	119.8610093974
491.6037001868	151.3364000382	119.8611580525
491.3987001868	151.3363000382	119.860125085
491.3981001868	151.5394000382	119.8614175058
432.8059001868	152.2404000382	119.8090820356
432.8057001868	152.0423000382	119.8092798035
432.6002001868	152.0435000382	119.8091334115
432.6003001868	152.2412000382	119.809062409
434.2917001868	276.3362000382	119.8570525634
434.2918001868	276.1314000382	119.8577412885
434.0860001868	276.1326000382	119.8577561171
434.0856001868	276.3357000382	119.8574925701

