494.5390001868	400.6716000382	119.8306401855
494.5364001868	400.4645000382	119.8307095799
494.3301001868	400.4656000382	119.8305203208
494.3342001868	400.6701000382	119.8303678025
493.0665001868	276.5744000382	119.8876247553
493.0639001868	276.3765000382	119.8876883275
492.8606001868	276.3766000382	119.888424738
492.8603001868	276.5768000382	119.8878819057
434.2687001868	277.2739000382	119.937101413
434.2688001868	277.0746000382	119.9374255405
434.0622001868	277.0746000382	119.9376927863
434.0618001868	277.2741000382	119.9377567156
435.7419001868	401.3656000382	119.8734779522
435.7415001868	401.1616000382	119.8733935257
435.5358001868	401.1618000382	119.8723533383
435.5356001868	401.3691000382	119.8713573877

