486.9494001868	524.2623000382	93.769036013
486.9492001868	524.1138000382	93.817736877
486.7948001868	524.1139000382	93.8149659659
486.7948001868	524.2596000382	93.7761290061
495.3193001868	401.5891000382	119.6826900945
495.3194001868	401.4470000382	119.7176254354
495.1717001868	401.4499000382	119.7149085956
495.1722001868	401.5911000382	119.6876046857
435.0141001868	402.3048000382	119.7721891625
435.0142001868	402.1586000382	119.8025797305
434.8657001868	402.1578000382	119.8065884783
434.8658001868	402.3049000382	119.7674003784
446.2216001868	524.8348000382	94.2957765658
446.2217001868	524.6921000382	94.3267274527
446.0700001868	524.6920000382	94.3322305665
446.0709001868	524.8355000382	94.296
