446.3281001868	524.7326000382	94.3171561653
448.6609001868	524.6866000382	94.3030433783
480.1917001868	523.6656000382	94.0228987012
484.0655001868	523.6278000382	93.9627990993
486.5365001868	523.5487000382	93.9251977018
486.5366001868	519.5324000382	94.7946112887
482.7224001868	519.5324000382	94.8602770766
479.0750001868	519.5544000382	94.9171249676
446.5691001868	519.5494000382	95.3943023305
445.9801001868	514.4824000382	96.446251192
478.8315001868	514.4829000382	95.9866178356
484.1000001868	514.4643000382	95.9159592497
486.6687001868	514.4752000382	95.8786632718
486.7376001868	509.6162000382	96.9164496496
481.9922001868	509.6086000382	96.9790476101
477.4987001868	509.6665000382	97.0264322778
445.6882001868	509.6605000382	97.4296534224
445.1129001868	503.6474000382	98.6576390402
477.2431001868	503.7161000382	98.2824746411
483.8669001868	503.6671000382	98.2160144063
487.7563001868	503.6146000382	98.1888642231
487.7559001868	497.8556000382	99.4111044955
484.1062001868	497.8497000382	99.4488224134
479.3926001868	497.8463000382	99.500939085
474.7330001868	497.8528000382	99.541557759
444.6859001868	497.8454000382	99.8502796014
444.1550001868	494.0348000382	100.6329203952
474.9430001868	494.0241000382	100.3566337714
481.3616001868	494.0021000382	100.2928046943
488.0021001868	493.9948000382	100.2340372664
488.5195001868	488.7670000382	101.3436714647
483.8636001868	488.7569000382	101.3836725261
478.4740001868	488.7529000382	101.4298039678
472.7951001868	488.7466000382	101.4776570275
443.5090001868	488.7301000382	101.7287030268
443.0174001868	482.2113000382	103.0785351524
472.1149001868	482.2142000382	102.8571805334
477.1248001868	482.1963000382	102.8241577712
482.6406001868	482.1802000382	102.7909201443
487.9269001868	482.1364000382	102.7525818124
489.4178001868	482.1285000382	102.7483293197
489.8146001868	474.5196000382	104.3570066783
486.8679001868	474.5100000382	104.3755194131
483.0104001868	474.5046000382	104.4006562825
479.7117001868	474.4962000382	104.4288099291
473.6455001868	474.4699000382	104.4758856479
470.1009001868	474.4754000382	104.4974828027
442.1761001868	474.4678000382	104.6823219942
441.6984001868	470.4319000382	105.5267105059
470.2315001868	470.4296000382	105.3396474259
474.5843001868	470.4121000382	105.3204631585
478.0720001868	470.4081000382	105.29928332
482.2359001868	470.4042000382	105.2755858772
488.4176001868	470.4186000382	105.2318261936
489.9919001868	470.4091000382	105.2246724686
490.3091001868	464.5749000382	106.4573485078
486.1185001868	464.5433000382	106.4909018285
482.0558001868	464.5328000382	106.5137966499
478.3857001868	464.5108000382	106.5393697319
474.0756001868	464.5012000382	106.5658434527
469.8315001868	464.5031000382	106.5931180493
467.8557001868	464.5142000382	106.6091168092
441.0439001868	464.4692000382	106.7723607674
440.3767001868	455.7546000382	108.5920951661
466.5934001868	455.7467000382	108.4463865266
471.4343001868	455.7265000382	108.4261235147
474.8391001868	455.6751000382	108.4171581462
478.5894001868	455.6578000382	108.4027441616
484.1155001868	455.6183000382	108.3870715321
489.2253001868	455.5855000382	108.3659484485
491.2746001868	455.5696000382	108.3620800679
491.6417001868	447.8851000382	109.982576335
487.6707001868	447.8767000382	110.0018189376
482.3727001868	447.8687000382	110.0302354941
475.0292001868	447.8939000382	110.057004377
467.7446001868	447.9347000382	110.0838016515
464.6945001868	447.9362000382	110.1010867322
439.9619001868	447.9363000382	110.230770542
439.3434001868	441.9875000382	111.4760609292
463.9137001868	441.9927000382	111.3596336098
472.5158001868	441.9721000382	111.3192666889
476.9430001868	441.9447000382	111.301134826
481.2698001868	441.9321000382	111.2857687833
485.0522001868	441.8865000382	111.2771180376
489.6523001868	441.8320000382	111.2656685401
491.5433001868	441.8155000382	111.2677054093
491.9761001868	437.6305000382	112.1438255395
488.9413001868	437.6130000382	112.1599936239
484.1409001868	437.6006000382	112.1888733552
480.5708001868	437.5926000382	112.2100103867
474.5138001868	437.5944000382	112.2325623038
468.9061001868	437.5945000382	112.2572859797
463.2924001868	437.5917000382	112.2839359748
439.1671001868	437.5873000382	112.3980079783
438.4946001868	432.6882000382	113.4270891643
462.3662001868	432.6650000382	113.3218714278
465.4822001868	432.6345000382	113.3160060406
470.2886001868	432.6488000382	113.2910670039
475.3854001868	432.6585000382	113.2685953948
479.9398001868	432.6220000382	113.254588515
485.1320001868	432.6083000382	113.2367630715
490.3070001868	432.5754000382	113.2157216106
492.4265001868	432.5546000382	113.2114985629
492.9759001868	425.5984000382	114.6776107229
486.1592001868	425.5879000382	114.7066877742
480.2247001868	425.5879000382	114.7346053434
475.3893001868	425.5686000382	114.7557920371
469.0825001868	425.5974000382	114.7753158914
463.5220001868	425.5823000382	114.8068455915
460.2958001868	425.5561000382	114.8213993505
438.3030001868	425.5683000382	114.9114081767
437.4082001868	418.0184000382	116.4924184668
459.0577001868	418.0084000382	116.3994060671
465.5889001868	418.0109000382	116.3794395296
473.6459001868	418.0110000382	116.3379297076
477.3837001868	417.9717000382	116.3323325792
482.7558001868	417.9619000382	116.3160891127
488.1568001868	417.9489000382	116.2966357864
493.5079001868	417.9370000382	116.283450946
493.8900001868	413.4941000382	117.2096975891
490.2020001868	413.4878000382	117.2238093658
484.2420001868	413.4777000382	117.2462844817
479.2137001868	413.4753000382	117.2636402953
474.8729001868	413.4746000382	117.2865840729
471.6374001868	413.4620000382	117.3011476206
467.9086001868	413.4539000382	117.3144122611
459.4288001868	413.4592000382	117.3456538002
436.7146001868	413.4575000382	117.4445567162
436.1047001868	408.4651000382	118.4836250372
455.7933001868	408.4693000382	118.3934721425
460.7633001868	408.4638000382	118.3838007395
464.5061001868	408.4676000382	118.3665786171
468.8126001868	408.4799000382	118.3498079679
472.6272001868	408.4898000382	118.332236435
476.4832001868	408.4585000382	118.322354035
481.8882001868	408.4340000382	118.3147091888
489.9752001868	408.4376000382	118.2755857886
494.0147001868	408.4163000382	118.2709072973
494.4789001868	404.7514000382	119.0386413105
489.9043001868	404.7288000382	119.053769194
485.4144001868	404.7229000382	119.0682469849
479.1591001868	404.7166000382	119.1018777314
472.7331001868	404.7130000382	119.1192057876
460.2036001868	404.7131000382	119.1657164781
453.7224001868	404.7138000382	119.1859153252
436.0972001868	404.6959000382	119.2727921028
435.3066001868	402.7126000382	119.6952463436
451.9410001868	402.5871000382	119.6333992657
464.2929001868	402.5134000382	119.5986389428
470.9180001868	402.4906000382	119.5815206874
476.7733001868	402.4364000382	119.5747509827
482.8187001868	402.4364000382	119.5613138999
489.1847001868	402.3856000382	119.5514151208
494.0954001868	402.3160000382	119.5428745363
495.0562001868	402.2956000382	119.5514429181
495.0691001868	401.6140000382	119.6866769245
491.6135001868	401.6153000382	119.6996407549
485.9697001868	401.7484000382	119.6900389856
480.4959001868	401.7498000382	119.7103107438
473.4884001868	401.9709000382	119.6839578085
467.2562001868	401.9724000382	119.7058757301
456.9556001868	402.2148000382	119.6946783402
449.2257001868	402.2960000382	119.7064969163
435.3068001868	402.3658000382	119.7639609113
