176.2657000329	275.3399999979	22.2397596354
173.4259000329	275.3403999979	22.2488528505
169.2139000329	275.3407999979	22.2596247124
164.2464000329	275.3411999979	22.2588275185
160.6573000329	275.3414999979	22.2650189384
153.7873000329	275.3428999979	22.2761600447
148.3982000329	275.3432999979	22.2830323651
146.5488000329	275.3457999979	22.3361391715
147.9629000329	282.3388999979	22.3158816376
152.4466000329	282.3428999979	22.2654766759
156.4465000329	282.3432999979	22.2610136313
160.5724000329	282.3450999979	22.2536132546
169.2700000329	282.3502999979	22.2512155372
175.4207000329	282.3517999979	22.2540296973
176.4998000329	286.9761999979	22.2663932529
172.4905000329	286.9765999979	22.2419707679
167.3500000329	286.9769999979	22.2467683259
165.2547000329	286.9772999979	22.2462669008
158.4046000329	286.9734999979	22.2460059687
155.6749000329	286.9738999979	22.2508324361
151.6746000329	286.9735999979	22.2539244584
148.7570000329	287.0050999979	22.2947693749
149.8082000329	293.1342999979	22.2825126222
159.7539000329	293.1346999979	22.2222748331
170.4917000329	293.1526999979	22.240970466
175.8653000329	293.1545999979	22.2452965455
176.4450000329	293.1507999979	22.2497343976
176.3857000329	298.2327999979	22.2415583525
167.6787000329	298.2289999979	22.2398907889
161.2860000329	298.2293999979	22.2225179674
158.3964000329	298.2298999979	22.2285993897
155.2429000329	298.2247999979	22.237824938
151.9482000329	298.2251999979	22.2537416708
150.6103000329	298.2255999979	22.2685710559
151.6798000329	305.3191999979	22.2085997781
159.2386000329	305.3206999979	22.2194238349
166.1681000329	305.3466999979	22.2266803048
169.7933000329	305.3483999979	22.2259077688
173.2384000329	305.3562999979	22.2264521183
177.3571000329	305.3501999979	22.2422733286
177.8840000329	310.7319999979	22.2541284786
172.9981000329	310.7323999979	22.2139144277
172.9095000329	310.7215999979	22.2139523995
167.8965000329	310.7220999979	22.2141472191
165.4034000329	310.7224999979	22.2029178733
162.7615000329	310.7244999979	22.1931967112
158.4645000329	310.7222999979	22.2049035306
152.5516000329	310.7172999979	22.1457077077
154.8813000329	319.9801999979	22.2281404137
163.8500000329	320.0057999979	22.2300776225
169.1871000329	320.0071999979	22.2231222581
175.8449000329	320.0111999979	22.2232926753
178.6892000329	320.0248999979	22.2511292701
179.0952000329	327.7264999979	22.244546914
172.3805000329	327.7269999979	22.218114887
167.8325000329	327.7274999979	22.2240515335
165.9003000329	327.7252999979	22.2246874232
161.0767000329	327.7200999979	22.2287841049
155.4737000329	327.7150999979	22.2620641705
156.6626000329	332.1585999979	22.2503179344
161.9842000329	332.1662999979	22.2189754926
169.1261000329	332.1715999979	22.2112355641
174.6315000329	332.1733999979	22.2097940061
179.7800000329	332.2094999979	22.2451202769
179.8170000329	338.6548999979	22.2331384971
176.4292000329	338.6552999979	22.1977702613
171.7411000329	338.6544999979	22.201969381
161.1651000329	338.6547999979	22.2046994218
157.7053000329	338.6636999979	22.2490261093
159.0794000329	345.8761999979	22.2448756751
166.1337000329	345.8836999979	22.2081182239
174.0229000329	345.8841999979	22.1927321085
180.6623000329	345.8838999979	22.2131312429
180.8342000329	351.8576999979	22.20242853
175.2261000329	351.8580999979	22.1952578793
169.1351000329	351.8584999979	22.2000109179
162.9393000329	351.8588999979	22.1897827738
160.3358000329	351.8810999979	22.2082945466
161.5225000329	358.8452999979	22.13154358
167.4724000329	358.8469999979	22.1888517576
172.2984000329	358.8607999979	22.1925316818
176.1061000329	358.8623999979	22.1899883937
181.6153000329	358.8667999979	22.2220635485
182.1109000329	367.0539999979	22.2067725002
177.1477000329	367.0626999979	22.1879885379
171.9161000329	367.0630999979	22.187281191
167.0528000329	367.0635999979	22.1724845359
162.5254000329	367.0639999979	22.1023356396
163.7058000329	371.7678999979	22.1421038885
168.0178000329	371.7712999979	22.1839816301
172.0895000329	371.7726999979	22.1914990668
175.1546000329	371.7738999979	22.1875537937
179.5252000329	371.7742999979	22.1933787684
182.6578000329	371.7808999979	22.2151121047
182.6850000329	376.6249999979	22.2257548018
175.2451000329	376.6265999979	22.1891980084
169.7269000329	376.6269999979	22.1907382798
164.1914000329	376.6187999979	22.1860133033
165.2952000329	381.7203999979	22.2104306828
169.7871000329	381.7182999979	22.1946384008
173.0140000329	381.7234999979	22.1937554725
177.9795000329	381.7350999979	22.1900390017
182.6482000329	381.7390999979	22.2279816391
183.3284000329	381.7444999979	22.2397382501
183.6143000329	386.5014999979	22.2337306074
177.4488000329	386.5018999979	22.1982453927
170.4572000329	386.4976999979	22.1975779545
166.1181000329	386.5026999979	22.2161416747
167.2970000329	391.5398999979	22.213088682
172.2674000329	391.5375999979	22.2042538073
177.2607000329	391.5380999979	22.2051412971
183.8233000329	391.5382999979	22.1930608689
184.2915000329	395.7349999979	22.2038002336
180.9161000329	395.7354999979	22.2126375041
177.8468000329	395.7357999979	22.207348643
173.5551000329	395.7367999979	22.1954179694
171.0181000329	395.7320999979	22.1985154417
173.0010000329	397.8522999979	22.1885941502
176.4394000329	397.8526999979	22.202622105
181.0955000329	397.8585999979	22.2129749953
184.2118000329	397.8829999979	22.232212463
184.3225000329	399.8180999979	22.2525975753
181.2346000329	399.8184999979	22.2132109294
175.8756000329	399.8177999979	22.1825437031
174.8847000329	399.8410999979	22.1784845408
128.7732000329	399.9970999979	22.0064221924
132.9074000329	400.0082999979	22.0078548227
144.0299000329	400.0691999979	22.0114240654
152.0874000329	400.0715999979	22.0147089164
160.4190000329	400.1158999979	22.0196575388
164.1636000329	400.1244999979	22.0226930583
170.5939000329	400.1260999979	22.0284650935
174.0023000329	400.1765999979	22.0312306422
186.5156000329	400.2254999979	22.0456377548
188.3036000329	400.2339999979	22.0519394233
187.8713000329	396.9805999979	22.0446510324
186.5092000329	396.9881999979	22.0410834415
169.3346000329	396.9587999979	22.0218479787
165.3265000329	396.9608999979	22.0194741843
159.9915000329	396.9628999979	22.0138207107
151.4599000329	396.9633999979	22.0100453288
143.1775000329	396.9635999979	22.0080189698
134.2512000329	396.9630999979	22.0060166729
129.5056000329	396.9305999979	22.0045280919
129.5053000329	390.8254999979	21.9967369768
134.5086000329	390.8258999979	21.9969634344
146.5587000329	390.8274999979	22.0017217213
156.0040000329	390.8317999979	22.0059041168
161.7262000329	390.8337999979	22.0092657461
166.2313000329	390.8392999979	22.0117953974
186.0013000329	390.8312999979	22.0295989048
187.5026000329	390.8348999979	22.0332303628
187.0767000329	384.6131999979	22.0238075032
185.6906000329	384.6237999979	22.0218817278
164.7321000329	384.6240999979	22.0052963329
151.2465000329	384.6245999979	21.9970349599
141.4587000329	384.6224999979	21.9896159316
139.1615000329	384.6274999979	21.9899481198
139.5130000329	380.9474999979	21.9853315774
149.5547000329	380.9528999979	21.9923170488
164.4104000329	380.9640999979	22.002403565
185.6422000329	380.9729999979	22.019898306
186.9988000329	380.9711999979	22.0206667481
186.3816000329	374.1182999979	22.0149980183
184.7261000329	374.1359999979	22.0115185924
163.2671000329	374.1423999979	22.0008667319
156.4106000329	374.1427999979	21.9976953608
146.2460000329	374.1563999979	21.9888696248
131.7751000329	374.1372999979	21.9764956955
130.6869000329	374.1617999979	21.9775223638
131.3101000329	367.4727999979	21.9875600257
133.3901000329	367.4732999979	21.9888791197
142.7198000329	367.4785999979	21.996076042
158.9019000329	367.4862999979	22.0012153837
162.1714000329	367.5086999979	22.0007892581
184.2991000329	367.5360999979	22.0083638749
185.8603000329	367.5364999979	22.0111810104
185.3635000329	359.5402999979	22.0092524768
183.6622000329	359.5111999979	22.0054506328
160.5378000329	359.5001999979	22.0052052512
154.9510000329	359.5005999979	22.0070045687
147.9963000329	359.4979999979	22.0101633819
138.2425000329	359.4984999979	22.0129552195
133.0383000329	359.5007999979	22.0122403918
132.0400000329	359.4975999979	22.0138819796
132.6442000329	349.9446999979	22.0392350773
134.5541000329	349.9449999979	22.0376431146
148.2300000329	349.9481999979	22.0211284768
156.2637000329	349.9500999979	22.0107974364
158.8593000329	349.9512999979	22.008027855
183.6544000329	349.9515999979	22.007628455
184.7772000329	349.9802999979	22.0099383219
184.0460000329	341.4183999979	22.01314332
182.3764000329	341.4127999979	22.0096963166
157.2428000329	341.4131999979	22.009858216
134.6338000329	341.4135999979	22.0362389233
133.4104000329	341.4077999979	22.0388804866
133.9995000329	334.4775999979	22.0259058401
136.6202000329	334.4797999979	22.0215823322
143.3403000329	334.4830999979	22.0154459596
155.9645001247	334.4801999949	22.008952854
181.9302000329	334.4837999979	22.0132579986
183.4727000329	334.4852999979	22.016094948
182.7756000329	325.7134999979	22.0219119312
181.1951000329	325.7138999979	22.0184320433
154.6421000329	325.6821999979	22.003415709
148.8633000329	325.6826999979	22.0021362705
144.1680000329	325.6829999979	22.0021871673
139.2298000329	325.6851999979	22.0037296699
135.9768000329	325.6858999979	22.0057225967
134.5456000329	325.6862999979	22.0077834361
135.1915000329	318.8245999979	22.0030751944
136.6834000329	318.8443999979	21.9996287355
141.7734000329	318.8448999979	21.99712107
148.4896000329	318.8474999979	22.0008471324
153.1077000329	318.8324999979	22.0038945147
180.7562000329	318.8226999979	22.0232723895
182.3355000329	318.8315999979	22.0269151044
181.4709000329	308.2844999979	22.0364063041
180.0466000329	308.2991999979	22.0334953699
151.2506000329	308.2984999979	22.0116165829
144.5281000329	308.2988999979	22.0059240567
144.0207000329	308.2912999979	22.0064409825
136.4609000329	304.1961999979	22.0176211896
140.0563000329	304.1965999979	22.010312317
149.9409000329	304.1937999979	22.015400458
150.9212000329	304.1900999979	22.0168787624
179.5972000329	304.1922999979	22.0361803948
181.3678000329	304.1941999979	22.0400567291
180.6627000329	296.4078999979	22.0481122816
179.1601000329	296.3963999979	22.0450075513
149.2435000329	296.3865999979	22.0283285582
144.2721000329	296.3869999979	22.0282012283
138.1405000329	296.3842999979	22.031380573
137.2443000329	296.3795999979	22.0322621303
138.3921000329	283.1035999979	22.0672681319
141.1465000329	283.1112999979	22.0632773766
145.7501000329	283.1116999979	22.0631464432
147.1147000329	283.1131999979	22.0632730885
178.0677000329	283.1114999979	22.0619466138
179.5864000329	283.1141999979	22.0641946167
178.9072000329	275.5734999979	22.0759524424
176.9862000329	275.5725999979	22.0760899295
145.7402000329	275.5594999979	22.0870471514
141.3124000329	275.5613999979	22.0888426016
139.2658000329	275.5617999979	22.0864943185
138.7843000329	275.5657999979	22.0894849674

