443.0647000329	153.1255999979	119.2776148727
443.0651000329	159.8382999979	119.253018354
443.0497000329	164.6880999979	119.2395428894
443.0459000329	171.2474999979	119.2228972286
443.0412000329	174.0721999979	119.215840441
443.2114000329	181.6859999979	119.1984625907
443.1425000329	184.9530999979	119.1917420441
443.2062000329	190.5134999979	119.1824767123
443.0891000329	197.5907999979	119.1721584324
443.1431000329	203.0273999979	119.165114868
443.1322000329	207.4516999979	119.1600524777
443.2045000329	212.7330999979	119.1531252679
443.1775000329	217.6122999979	119.145956307
443.1563000329	222.7401999979	119.1377958237
443.1769000329	231.0696999979	119.1222017072
443.1953000329	237.7217999979	119.1126246478
443.2233000329	246.7195999979	119.1016543574
443.3006000329	255.0511999979	119.0942627714
443.3836000329	258.2373999979	119.092164004
443.3941000329	266.8995999979	119.0910140114
443.3497000329	272.1236999979	119.0892377746
443.3931000329	277.2488999979	119.0924882398
444.8165000329	277.2247999979	119.0952123445
444.5996000329	266.2432999979	119.0956556459
444.5613000329	255.4252999979	119.0988964847
444.5405000329	243.8588999979	119.1087605916
444.4896000329	238.6193999979	119.1153453186
444.4690000329	229.9223999979	119.128978728
444.4605000329	218.9213999979	119.1480409733
444.4275000329	209.7024999979	119.1610549605
444.4028000329	200.7913999979	119.1705494376
444.3961000329	195.4585999979	119.1778316653
444.3374000329	187.1327999979	119.1887893446
444.3106000329	178.9691999979	119.2053899232
444.2822000329	170.3403999979	119.2260207794
444.2520000329	167.3962999979	119.232776072
444.2292000329	163.9120999979	119.241995364
444.2226000329	159.0843999979	119.2566078398
444.2054000324	153.1895001267	119.275319088
501.4976000329	152.8204999979	119.2421072901
501.9229000329	152.9399999979	119.2434416548
501.9684000329	153.4143999979	119.2404960394
501.7877000329	276.9629999979	119.1147017431
502.3031000329	276.9314999979	119.1143587421
502.2702000329	277.2507999979	119.1149635157
501.6858000329	277.2969999979	119.1156609598
