501.6508000329	277.8324999979	119.1512389471
502.2674000329	277.8609999979	119.1511301233
501.9809000329	278.2018999979	119.1492124514
501.8875000329	402.2311999979	118.9447055407
502.4340000329	402.2223999979	118.944277964
502.3663000329	401.7373999979	118.9456063498
501.8534000329	401.8942999979	118.9454462398
443.3992000329	378.5309999979	119.0590905028
443.3785000329	368.9353999979	119.065516488
443.2973000329	358.6913999979	119.0720099976
443.2728000329	352.1875999979	119.075846118
443.2351000329	343.4800999979	119.0820434774
443.2011000333	340.0608998691	119.0844148559
443.1901000329	333.9929999979	119.0883092209
443.1794000329	325.9823999979	119.093247384
443.2104000329	323.0112999979	119.0952042279
443.1803000329	318.6395999979	119.0980176963
443.1596000329	313.8777999979	119.1024751377
443.1290000329	312.5438999979	119.1039622784
443.1003000329	308.9454999979	119.1090345395
443.1480000329	304.5316999979	119.1173998899
443.2004000329	302.6674999979	119.1207754971
443.1324000329	277.9873999979	119.1653756954
444.2998000329	277.9779999979	119.1655933141
444.6070000329	278.7519999979	119.1636454417
443.2973000329	278.8923999979	119.162047782
444.6678000329	302.6845999979	119.1196246606
444.7383000329	307.9038999979	119.1108773475
444.8395000329	313.0929999979	119.1034454296
444.8031000329	319.1099999979	119.0973140858
444.8972000329	323.4173999979	119.0945112316
444.7817000329	327.1985999979	119.0913561005
444.7725000329	331.2908999979	119.0892594352
444.7449000329	337.0862999979	119.0854991349
444.5500000329	341.8451999979	119.0822648276
444.5682000329	346.1089999979	119.0793195246
444.4201000329	349.9918999979	119.0767967478
444.3429000329	353.6718999979	119.0746727096
444.4101000329	357.9372999979	119.0725910618
444.4641000329	361.5628999979	119.069640385
444.5060000329	366.3555999979	119.0667510046
444.5486000329	370.1611999979	119.0648576341
444.4368000329	372.7072999979	119.0631223459
444.4246000329	375.8013999979	119.0605707978
444.3832000329	378.5848999979	119.0578424486
443.4173000329	401.3658999979	119.0437210266
444.5587000329	401.4516999979	119.0452296361
444.5187000329	402.2760999979	119.0414827659
443.4985000329	402.1194999979	119.0412395916
