515.8156000329	363.0324999979	119.3919216752
513.9903000329	362.9746999979	119.3958073822
514.7865000329	364.9633999979	119.3956836314
515.8853000329	365.6974999979	119.3934067789
515.7893000329	372.4236999979	119.3950262453
514.6957000329	372.6318999979	119.3991329584
514.7349000329	376.4733999979	119.3999114356
515.7038000329	376.5610999979	119.3959792266
515.7508000329	385.1410999979	119.3975713022
514.0368000329	385.3509999979	119.9205713083
515.7343000329	386.6940999979	119.3964012746
515.6719000329	395.0041999979	119.3959657879
513.9510000329	395.1912999979	119.9220121219
515.6580000329	396.0937999979	119.3988108937
514.4637000329	396.1320999979	119.4001109804
513.9129000329	396.1550999979	119.3948984804
515.6450000329	397.8150999979	119.3936053572
513.9824000329	397.9600999979	119.394862325
514.0421000329	402.5234999979	119.3921055011
515.6554000329	402.5839999979	119.3917761524
515.5673000329	411.3727999979	119.3860765765
514.0550000329	411.4195999979	119.9060353196
514.4555000329	411.6293999979	119.3908305384
514.4306000329	416.4527999979	119.3875059343
515.5700000329	416.8361999979	119.3824513133
515.5056000329	419.9266999979	119.3792936762
513.8012000329	420.2599999979	119.3804490828
513.9633000329	425.8068999979	119.3732635721
515.4920000329	426.2064999979	119.3727792702
515.5388000329	432.4439999979	119.3657908998
514.1351000329	432.7322999979	119.3684729987
514.2407000329	436.3346999979	119.3663051729
515.4597000329	436.6856999979	119.3604581542
515.5264000329	443.6870999979	119.3520977557
514.2966000329	444.0416999979	119.3568250204
514.3180000329	448.1451999979	119.3522074343
515.4092000329	448.3949999979	119.3465735187
515.3481000329	458.5586999979	119.335024852
514.0201000329	458.6882999979	119.3374364165
513.8911000329	472.6009999979	119.3136230737
515.3762000329	472.5015999979	119.3127466114
515.2311000329	486.5692999979	119.2805318441
513.8842000329	486.5051999979	119.2842897574
515.2281000329	487.4804999979	119.2783510903
513.5440000329	487.3368999979	119.2831115952
514.0763000329	486.8644999979	119.2832933139
456.1093000329	487.2556999979	119.3036620501
456.8216000329	487.1803999979	119.3053074616
456.7725000329	486.6577999979	119.3059069147
456.0059000329	486.5844999979	119.3038597153
456.3674000329	486.9050999979	119.3047926126
456.6240000329	363.3681999979	119.3735516927
456.6813000329	362.8148999979	119.3731627157
457.2371000329	363.0797999979	119.3748539329
457.4634000329	362.6875999979	119.3748433751

