457.332700032857	237.72659999794	119.291397670004
457.332300032857	237.93189999794	119.291188562695
457.537700032857	237.93439999794	119.291911892577
457.539000032857	237.72699999794	119.292087230062
456.700600032857	361.82809999794	119.393224115596
456.701700032857	362.02999999794	119.391825648524
456.907200032857	362.03249999794	119.39263352597
456.910100032857	361.82399999794	119.394315570115
515.500600032857	362.13299999794	119.47856150941
515.501900032857	362.32869999794	119.477858751758
515.705300032857	362.33089999794	119.477574424887
515.705100032857	362.11989999794	119.478023596785
516.127900032857	238.02289999794	119.349218299538
516.129300032857	238.23029999794	119.350186664034
516.332500032857	238.23269999794	119.349759705897
516.335700032857	238.02569999794	119.349270188427
