309.7353000329	544.8223999979	63.2862162053
309.8040000329	544.7061999979	63.3307784794
309.6808000329	544.6307999979	63.324805802
309.6142000329	544.7547999979	63.2826703844
376.2976000329	441.4636999979	89.2806145707
376.3614000329	441.3429999979	89.3204513743
376.2368000329	441.2711999979	89.3177581428
376.1718000329	441.3930999979	89.2865280261
323.1651000329	412.9198999979	89.1289839662
323.2306000329	412.8006999979	89.1603129035
323.1061000329	412.7316999979	89.1593063986
323.0430000329	412.8595999979	89.1249378586
273.8618000329	525.5221999979	63.0805595822
273.9331000329	525.4048999979	63.1176360138
273.8065000329	525.3353999979	63.1197708607
273.7397000329	525.4591999979	63.0774627831
