530.9776000329	423.9908999979	89.3079988327
529.3792000329	449.7690999979	83.8540261335
527.7709000329	475.8555999979	78.3322866758
526.3124000329	499.0240999979	73.4383646415
524.8980000329	521.9325999979	68.5861553945
523.3702000329	546.4730999979	63.3278941027
470.4515000329	425.0189999979	89.1475615149
472.5650000329	446.7997999979	84.5231569523
475.3195000329	475.0459999979	78.5142713364
477.6629000329	499.0844999979	73.3975804982
479.9422000329	522.4845999979	68.4125178429
482.3720000329	547.4629999979	63.0535160704
488.0819000329	424.6089999979	89.2042289997
501.4260000329	424.3907999979	89.2380151699
513.5324000329	424.1820999979	89.2682273416
524.7421000329	423.9904999979	89.2949230204
