521.1376000329	510.7140999979	93.395340952
521.1369000329	510.5664999979	93.4460679728
520.9799000329	510.5666999979	93.4422080124
520.9796000329	510.7147999979	93.397789495
530.0057000329	388.0903999979	119.3807898187
530.0046000329	387.9434999979	119.4253802053
529.8480000329	387.9439999979	119.4216230705
529.8477000329	388.0927999979	119.3896520859
469.6917000329	388.5041999979	119.200347568
469.6915000329	388.3576999979	119.2363557627
469.5431000329	388.3579999979	119.2370214395
469.5429000329	388.5074999979	119.1998759101
480.3969000329	510.9724999979	93.1966843199
480.3967000329	510.8219999979	93.235129234
480.2456000329	510.8223999979	93.2385223044
480.2443000329	510.9758999979	93.1921848434
529.0811000329	386.9242999979	119.1772825809
529.0809000329	386.7199999979	119.1784712459
528.8774000329	386.7217999979	119.178779958
528.8771000329	386.9221999979	119.1785217395
528.1172000329	262.8265999979	119.2674654702
528.1147000329	262.6241999979	119.2664302751
527.9138000329	262.6244999979	119.267374258
527.9153000329	262.8267999979	119.2672351349
469.3262000329	263.2800999979	119.2574383516
469.3175000329	263.0792999979	119.2568985409
469.1190000329	263.0816999979	119.2559557717
469.1143000329	263.2818999979	119.2559064944
470.2868000329	387.3796999979	119.1475143601
470.2866000329	387.1774999979	119.1490576653
470.0817000329	387.1760999979	119.148199468
470.0812000329	387.3784999979	119.1470463814
528.1657000329	261.6664999979	119.2623814224
528.1614000329	261.4621999979	119.2629660383
527.9557000329	261.4626999979	119.2628231853
527.9553000329	261.6630999979	119.2624714302
527.3114000329	137.5679999979	119.2813028064
527.3072000329	137.3648999979	119.28138352
527.1017000329	137.3671999979	119.2815544116
527.1050000329	137.5675999979	119.281517569
468.5110000329	137.9679999979	119.294279723
468.5108000329	137.7689999979	119.2939134231
468.3078000329	137.7693999979	119.2930885354
468.3094000329	137.9679999979	119.2943295138
469.3664000329	262.0644999979	119.2717570624
469.3622000329	261.8663999979	119.2725402605
469.1590000329	261.8631999979	119.2723121237
469.1586000329	262.0653999979	119.2720447247

