443.2623000329	403.7545999979	118.9419209138
444.5975000329	403.7429999979	118.9503657331
445.5342000329	403.7473999979	118.9515088272
457.0018000329	403.7428999979	118.9767800653
458.8452000329	403.7431999979	118.9770076545
461.2963000329	403.7617999979	118.9730311947
462.9457000329	403.7661999979	118.9740661117
464.4241000329	403.7664999979	118.9759902772
465.4214000329	403.7623999979	118.9769282943
466.9900000329	403.7613999979	118.9794539043
468.4604000329	403.7599999979	118.9822019293
470.3608000329	403.7234999979	118.9932585464
472.2947000329	403.7090999979	118.9962289316
473.9552000329	403.6936999979	118.9977319138
475.9809000329	403.6696999979	119.0055039952
478.3068000329	403.6609999979	119.0071771298
481.0637000329	403.6495999979	119.0072273471
483.4730000329	403.6475999979	119.0091881045
485.5883000329	403.6494999979	119.0070456404
487.7339000329	403.6497999979	119.0084618384
490.0198000329	403.6510999979	119.008093941
492.8262000329	403.6467999979	119.0126159939
495.3791000329	403.6442999979	119.0126172003
499.0491000329	403.6462999979	119.0120303509
502.5054000329	403.6435999979	119.0142174441
502.4024000329	408.2948999979	118.0392882413
500.1252000329	408.2899999979	118.0374561391
498.7459000329	408.2849999979	118.0384660352
496.1515000329	408.2496999979	118.0436707121
494.6066000329	408.2558999979	118.0432355811
492.8470000329	408.2513999979	118.041952264
490.7303000329	408.2505999979	118.0418676761
489.3546000329	408.2489999979	118.0417780017
487.8768000329	408.2547999979	118.0397050226
475.9693000329	408.2550999979	118.0400419827
471.1835000329	408.2595999979	118.0397197358
468.8789000329	408.2657999979	118.0356702926
465.7827000329	408.2679999979	118.030252607
461.6744000329	408.2628999979	118.0268639044
443.4858000329	408.2499999979	118.0018285771
444.6999000329	408.2559999979	118.0052963435
445.9104000329	408.2640999979	118.0227590808
444.2578000329	416.6633999979	116.2399509102
446.2351000329	416.6575999979	116.2473278506
466.1966000329	416.7974999979	116.2414383271
467.2916000329	416.7897999979	116.244789424
468.7147000329	416.7892999979	116.246461129
469.9743000329	416.7876999979	116.2481932952
471.1405000329	416.8001999979	116.2462170572
473.1677000329	416.7871999979	116.2501305172
475.1340000329	416.7793999979	116.2525454241
476.8161000329	416.7695999979	116.2529937493
478.3490000329	416.7846999979	116.2485173165
479.6841000329	416.7837999979	116.2455682445
481.7716000329	416.7788999979	116.2436085951
483.4241000329	416.7809999979	116.2422771258
485.7811000329	416.7784999979	116.2456824005
488.0358000333	416.7714998691	116.2502356679
490.6030000329	416.7665999979	116.255333873
493.6764000324	416.7514001267	116.2595697112
496.0934000329	416.7724999979	116.2580384163
499.2585000329	416.7993999979	116.2527157952
502.2061000329	416.8352999979	116.2475837735
500.4957000329	426.7608999979	114.1698709051
498.9467000329	426.7707999979	114.1661814922
497.0292000329	426.7653999979	114.1672005781
495.1414000329	426.7620999979	114.1662002653
493.2321000329	426.7641999979	114.1631484006
491.9282000329	426.7644999979	114.1639624264
489.7802000329	426.7688999979	114.1604934533
487.5313000329	426.7751999979	114.1567700415
486.2307000329	426.7900999979	114.1536297311
484.4883000329	426.7785999979	114.153432802
482.1314000329	426.8117999979	114.1452312752
480.2641000329	426.7879999979	114.1525211732
478.9072000329	426.8165999979	114.1474042961
477.0392000329	426.8280999979	114.1439420755
474.7979000329	426.8249999979	114.1473198763
472.8638000329	426.8253999979	114.1484561078
470.2848000329	426.8403999979	114.1433949668
468.2042000329	426.8448999979	114.1389814506
444.9510000329	426.8398999979	114.1052773824
447.1024000329	426.8626999979	114.1048795101
445.7522000329	436.7599999979	112.0131551295
448.0798000329	436.7408999979	112.0224852084
469.8142000329	436.7780999979	112.0538137848
470.8016000329	436.7617999979	112.0577952176
472.5215000329	436.7468999979	112.0610051495
473.8787000329	436.7648999979	112.0598274046
475.4398000329	436.7511999979	112.0641410808
476.6376000329	436.7692999979	112.0608424481
478.2575000329	436.7373999979	112.0701376386
479.8585000329	436.7579999979	112.0646610441
480.9068000329	436.7394999979	112.0688188217
482.1823000329	436.7556999979	112.0672644918
483.7893000329	436.7407999979	112.0700999783
485.1733000329	436.7706999979	112.0654221996
486.6007000329	436.7541999979	112.0700434528
487.8555000329	436.7722999979	112.066424521
489.1181000329	436.7550999979	112.0721072615
490.4975000329	436.7796999979	112.0654537435
491.6994000329	436.7685999979	112.0697072282
493.4741000329	436.7916999979	112.0650946646
495.3050000329	436.7786999979	112.0686532487
497.0969000329	436.7997999979	112.0664138585
498.3617000329	436.7806999979	112.0706909625
500.7477000329	436.9026999979	112.0483012261
498.5069000329	447.1943999979	109.8889833003
495.9405000329	447.1959999979	109.884754112
494.1907000329	447.2086999979	109.8802894854
492.8090000329	447.2212999979	109.8770440986
491.0822000329	447.2062999979	109.8789950057
489.6462000329	447.2124999979	109.8740532427
487.9102000329	447.1986999979	109.8761375553
486.1445000329	447.2007999979	109.8729831321
484.4527000329	447.1951999979	109.8746184576
482.7881000329	447.2235999979	109.8676313257
480.5550000329	447.2161999979	109.8663479382
478.3025000329	447.2342999979	109.8590829037
475.8851000329	447.2121999979	109.8620827989
473.0677000329	447.2265999979	109.8548686019
471.5987000329	447.2070999979	109.8606856798
449.1874000329	447.2073999979	109.808926283
446.6496000329	447.2045999979	109.7997036516
447.6433000329	457.3797999979	107.6686421417
449.7477000329	457.3899999979	107.6727535027
473.6620000329	457.3940999979	107.7216834047
476.4910000329	457.3985999979	107.7212239271
478.8516000329	457.3882999979	107.7247526072
481.3679000329	457.4015999979	107.7230018715
484.9643000329	457.3808999979	107.7324581122
488.4118000329	457.3611999979	107.7437677233
489.6444000329	457.3890999979	107.7405160814
491.1120000329	457.3608999979	107.747733798
492.5412000329	457.3771999979	107.7487040364
494.9423000329	457.3549999979	107.7561310029
496.1325000329	457.3726999979	107.7552802337
498.1610000329	457.3621999979	107.7582897761
499.1444000329	457.4859999979	107.7352474317
497.9840000324	467.5555001267	105.6204065618
495.2102000329	467.5509999979	105.6146628785
493.1191000329	467.5604999979	105.6110295998
491.2447000329	467.5621999979	105.61039156
489.7795000329	467.5624999979	105.6098530787
486.7940000329	467.5671999979	105.6030103149
485.1768000329	467.5815999979	105.5968869549
483.1911000329	467.5923999979	105.5903496273
481.2921000329	467.5926999979	105.5895669182
479.3808000329	467.6011999979	105.5874867455
477.4485000329	467.5825999979	105.5935938294
475.5242000329	467.6056999979	105.5872413337
450.7611000329	467.5753999979	105.5823662177
448.2359000329	467.5912999979	105.5708232735
449.1455000329	478.6988999979	103.3739600879
451.4799000329	478.7039999979	103.3668467254
477.6674000329	478.6820999979	103.2883193999
480.4204000329	478.6786999979	103.2793054807
481.8970000329	478.6682999979	103.2769545369
483.9542000329	478.6617999979	103.2757468605
486.6398000329	478.6596999979	103.2714455859
488.9702000329	478.6409999979	103.270810354
491.1776000329	478.6358999979	103.2691190672
492.9055000329	478.6398999979	103.264907506
495.0053000329	478.6679999979	103.2555683615
496.3257000329	478.6807999979	103.2494141461
497.5101000329	478.7061999979	103.2422593173
495.3272000329	489.2209999979	101.0173311885
492.4104000329	489.2205999979	101.0264410039
489.4051000329	489.2327999979	101.0343279455
487.8676000329	489.2473999979	101.0330646602
485.6226000329	489.2382999979	101.040355212
483.9003000329	489.2423999979	101.0426626521
482.0423000329	489.2260999979	101.05272194
479.9090000329	489.2546999979	101.0515287997
479.3191000329	489.2196999979	101.0616834674
452.6233000329	489.2260999979	101.1356017684
450.1499000329	489.2444999979	101.1390253541
450.9583000329	501.9918999979	98.4944047856
453.5538000329	502.0183999979	98.4790026994
482.3767000329	502.0395999979	98.3786732867
483.6380000329	502.0631999979	98.3707188589
484.9270000324	502.0712001267	98.3659807636
487.3311000329	502.0856999979	98.3541837808
489.0555000329	502.0979999979	98.3450769353
491.2040000329	502.0765999979	98.3394278357
493.7981000329	502.0903999979	98.324854501
495.0950000329	502.1067999979	98.3174148877
495.6634000329	502.0998999979	98.3155768145
494.7402000329	512.2655999979	96.1879878353
492.8001000329	512.2666999979	96.1996344728
491.2995000329	512.2731999979	96.205277993
488.6580000329	512.2620999979	96.2204598471
484.2894000329	512.2406999979	96.2458288467
483.6420000329	512.2245999979	96.2541365788
454.3580000329	512.0632999979	96.4526553393
452.1250000329	512.0754999979	96.4587863749
452.5786000329	519.5150999979	94.9662844464
455.0104000329	519.5237999979	94.9581385986
485.4191000329	519.5476999979	94.7329102774
487.9864000329	519.5310999979	94.7169874456
489.6697000329	519.5014999979	94.7127563623
491.5723000329	519.4840999979	94.7025579816
494.2143000329	519.4771999979	94.6891948533
493.4526000329	525.4775999979	93.4439461535
490.5959000329	525.4744999979	93.4643746488
489.2849000329	525.4775999979	93.4737837905
487.5518000329	525.4778999979	93.4885215439
486.5005000329	525.4929999979	93.495390922
455.4338000329	525.3892999979	93.7660308688
453.1496000329	525.4027999979	93.7746434903
453.5088000329	526.1728999979	93.615401078
455.6534000329	526.2331999979	93.5976294053
