512.1901000329	535.5804999979	63.3046768572
512.1900000329	535.4290999979	63.3546304969
512.0392000329	535.4302999979	63.353449013
512.0395000329	535.5855999979	63.3064193554
523.6149000333	413.1798998691	89.3276294887
523.6149000324	413.0361001267	89.3699332512
523.4658000329	413.0363999979	89.3644754041
523.4657000329	413.1840999979	89.331766578
463.3168000329	412.3326999979	89.1589910205
463.3165000329	412.1842999979	89.1944969147
463.1600000329	412.1845999979	89.1948867761
463.1598000329	412.3295999979	89.1584453906
471.4594000329	534.9909999979	63.1135244638
471.4592000329	534.8411999979	63.1523616802
471.3005000329	534.8414999979	63.1557776116
471.2995000329	534.9872999979	63.1104433681
