463.5981000329	412.4306999979	89.1533878637
464.844999941	412.432500001	89.1429170418
465.7147000329	412.4399999979	89.1502494167
477.0394000329	412.4840999979	89.2147714525
480.5110000329	412.4885999979	89.2374519831
483.0524000329	412.5716999979	89.2311867029
486.3809000329	412.5809999979	89.2553308988
489.3714000329	412.7355999979	89.2271541132
498.3914000329	412.7760999979	89.2869475819
510.8597000329	413.0317999979	89.2899712452
517.4489000329	413.0732999979	89.3135833483
523.3192000329	413.1350999979	89.3521447931
523.3268000329	415.2270999979	88.9137351144
519.2103000324	415.2373001267	88.8786291191
513.2941000329	415.2618999979	88.8474122492
504.7019000329	415.2829999979	88.7866258004
497.3511000329	415.2887999979	88.7478855634
481.8783000329	415.3135999979	88.6501169691
464.7908000329	415.3050999979	88.5446790011
463.7497000329	415.3174999979	88.5431207838
464.0446000329	420.6408999979	87.4202200581
465.7452000329	420.6466999979	87.4259960766
486.4345000329	421.1897999979	87.4360060949
492.7442000329	421.2018999979	87.4654999096
506.7244000329	421.2357999979	87.5407891171
517.3304000329	421.3893999979	87.5734886452
522.0699000329	421.4729999979	87.5841082436
522.0541000329	425.2031999979	86.7985377105
512.9368000329	425.2216999979	86.7319623661
500.7500000329	425.2214999979	86.6606484606
488.0698000329	425.2202999979	86.596209755
465.1542000329	425.2206999979	86.4546077915
464.1761000329	425.2197999979	86.4457640873
464.1741000329	425.2156999979	86.4502829408
464.6047000329	429.8207999979	85.4783971974
488.6052000329	430.0572999979	85.5672446809
503.4910000329	430.2205999979	85.6204444763
516.0055000329	430.3026999979	85.6850136799
521.0924000329	430.3103999979	85.7138574305
521.8913000329	430.4843999979	85.6794618265
521.1441000329	435.6977999979	84.5728902984
518.1709000329	435.7033999979	84.5528461584
513.7398000329	435.7036999979	84.5343303147
507.1347000329	435.7039999979	84.481799198
499.8762000329	435.7069999979	84.4474186015
493.2504000329	435.7073999979	84.4012207928
487.8144000329	435.7075999979	84.3688603518
465.7718000329	435.7108999979	84.2354440994
465.8172000329	442.4309999979	82.8102735855
489.7198000329	443.2743999979	82.7807435233
496.1361000329	443.2933999979	82.8091832748
505.7660000329	443.2982999979	82.8767899572
512.1755000329	443.3290999979	82.9033000458
519.3150000329	443.3665999979	82.9418711829
520.6621000329	443.3879999979	82.9494091566
520.2262000329	446.8440999979	82.2138020191
514.6880000329	446.8509999979	82.1716340113
507.8506000329	446.8599999979	82.1362959072
496.8571000329	446.8538999979	82.0638210176
494.2305000329	446.8581999979	82.0495475439
465.9803000329	446.8585999979	81.8727863929
466.4213000329	455.3713999979	80.0692060785
493.6474000329	455.5908999979	80.2034814779
501.4084000329	455.8330999979	80.1928246766
507.9943000329	455.9001999979	80.2146198462
512.0000000329	455.9946999979	80.224925805
517.5130000329	456.0305999979	80.2429651196
519.4186000329	456.0586999979	80.2632200348
518.7624000329	462.3796999979	78.9248390083
513.9499000329	462.3799999979	78.8865118332
503.1652000329	462.3802999979	78.8150809441
494.4088000329	462.3805999979	78.7652302731
467.1135000329	462.3824999979	78.5868679844
467.6618000329	470.3106999979	76.9078864544
495.8072000329	471.1852999979	76.9076732523
500.4624000329	471.3221999979	76.906819714
503.5537000329	471.4215999979	76.9121533261
513.2620000329	471.5158999979	76.9505935745
517.9130000329	471.7473999979	76.9388367806
517.3477000329	474.8452999979	76.2835185079
511.8846000329	474.8565999979	76.2430728683
508.0073000329	474.8568999979	76.2172170004
503.2275000329	474.8571999979	76.1769036499
499.3974000329	474.8574999979	76.1565024168
494.9224	474.8902	76.13026
