523.2977000329	546.7809999979	63.2583517145
523.2943000329	546.6302999979	63.3093854088
523.1486000329	546.6305999979	63.3067444837
523.1485000329	546.7796999979	63.2591663464
530.9530000329	424.0891999979	89.2691635184
530.9529000329	423.9405999979	89.3120041314
530.8045000333	423.9407998691	89.3077617989
530.8044000329	424.0874999979	89.2768374802
470.6595000329	425.0974999979	89.1193541659
470.6508000329	424.9513999979	89.1553998432
470.4973000329	424.9528999979	89.1573274245
470.4959000329	425.1008999979	89.1195645482
482.5683000329	547.4411999979	63.0599692625
482.5686000329	547.3012999979	63.0988592366
482.4184000329	547.3008999979	63.1008190143
482.4182000333	547.4477998691	63.0569367785
