529.8782000329	388.1560999979	119.3758091388
525.8558000329	388.1577999979	119.3660796923
519.8647000329	388.1581999979	119.3604254828
515.9844000329	388.1585999979	119.3550322183
509.9925000324	388.3252001267	119.3079724048
501.2783000329	388.3254999979	119.295501995
485.4374000329	388.5336999979	119.2272785087
470.6008000329	388.5367999979	119.2068995234
471.3999000329	399.8713999979	116.8028084158
495.8059000329	400.8874999979	116.6373399566
504.8558000329	400.8970999979	116.635665458
513.8062000329	400.8994999979	116.6560618482
522.6104000329	400.8988999979	116.6733048098
525.0849000329	400.9035999979	116.6800735937
528.5705000329	400.9220999979	116.6818951183
527.5321000329	412.1647999979	114.2975965344
517.5345000329	412.1685999979	114.2788965501
510.3889000329	412.1689999979	114.2649862144
503.4004000329	412.1746999979	114.2434852609
498.4293000329	412.1777999979	114.2423867863
472.4074000329	412.1907999979	114.1937654401
473.1606000329	423.2172999979	111.8516256763
499.3475000329	423.2256999979	111.898700099
506.9505000329	423.2427999979	111.908011698
515.7905000329	423.2431999979	111.9281327744
524.8214000329	423.2442999979	111.9463056094
526.6519000329	423.2554999979	111.9527571324
526.2919000329	433.5696999979	109.7646208633
518.3713000329	433.5700999979	109.7464262056
509.5716000329	433.5695999979	109.7236129762
501.7728000329	433.5735999979	109.704399755
474.2201000329	433.5823999979	109.6515343041
475.3464000329	446.0982999979	106.9956720841
503.1994000329	446.0986999979	107.0601685079
510.7355000329	446.0990999979	107.0826659465
515.7648000329	446.1005999979	107.0847088206
522.3771000329	446.1016999979	107.0924533774
525.1246000329	446.1020999979	107.1147483292
524.3749000329	454.9373999979	105.2472658863
515.9894000329	454.9387999979	105.2211505427
509.5370000329	454.9392999979	105.2037573075
503.6000000329	454.9446999979	105.1869748613
476.3230000329	454.9598999979	105.1178390177
477.0327000329	465.4593999979	102.8906098754
507.5112000329	465.4716999979	102.9703095476
513.2757000329	465.4771999979	102.9861185967
519.2389000329	465.4775999979	103.0037981135
523.7426000329	465.4725999979	103.015680212
523.0979000329	473.5197999979	101.3215536738
514.6435000329	473.5201999979	101.2974420943
509.1881000329	473.5205999979	101.2780571262
477.4122000329	473.5395999979	101.1781215424
479.1866000329	484.2955999979	98.8943133444
511.3837000329	484.3115999979	99.0013618385
515.9798000329	484.3118999979	99.0180613579
520.7520000329	484.3135999979	99.0325835997
522.2951000329	484.3715999979	99.0257084054
521.8366000329	492.4302999979	97.3169600947
514.5996000329	492.4306999979	97.284576932
479.1191000329	492.4351999979	97.1613361067
480.2093000329	501.7326999979	95.1797878696
513.5030000329	501.7362999979	95.309183387
516.8709000329	501.7374999979	95.3133802452
520.9164000329	501.7802999979	95.3246218105
520.4479000329	508.1547999979	93.9573396588
513.7343000329	508.2084999979	93.9153457759
480.7067000329	508.2141999979	93.795558767
480.7050000329	510.7320999979	93.2544502021
515.8171000329	510.4009999979	93.4539652263
520.8637000329	510.3918999979	93.4739299744
