377.9272000329	424.4755999979	154.670044936
411.9301000329	424.8302999979	154.5490960471
527.7380000329	425.9902999979	154.0650880068
558.9535000329	424.5444999979	154.3260761827
557.8001000329	484.8064999979	141.3200689767
532.0880000329	485.3103999979	141.2597317077
408.6279000329	482.9031999979	142.0481646703
377.4287000329	483.2525999979	142.0300414826
379.0300000329	525.2800999979	132.9873975289
409.5955000329	525.2533999979	132.9516451803
530.2492000329	525.9540999979	132.5356680901
558.1857000329	525.9543999979	132.4747907717
559.0534000329	564.1752999979	124.2320618133
528.6944000329	565.7937999979	123.9615994046
409.1107000329	569.0056999979	123.5397636926
379.5602000329	565.0027999979	124.4580424847
379.8096000329	600.4227999979	116.8226163901
402.5334000329	599.8366999979	116.9100726007
535.5642000329	599.8264999979	116.6113647581
558.1258000329	604.0465999979	115.6803607967
559.8777000329	649.5209999979	105.9003032678
408.3294000329	650.9708999979	105.8694246626
378.0133000329	651.6226999979	105.7956034246
