495.4726000329	474.8254999979	76.1396810346
468.3050000329	474.8273999979	75.9526855331
468.8364000329	481.8242999979	74.4728121109
497.2677000329	481.8245999979	74.6641367339
504.3772000329	481.8389999979	74.7233370179
514.0538000329	481.8431999979	74.7733420645
516.7941000329	481.8434999979	74.8033957454
516.2355000329	488.6358999979	73.36115745
511.1489000329	488.6362999979	73.3184739232
501.2159000329	488.6364999979	73.2511818385
497.3081000329	488.6378999979	73.2210373703
469.0762000329	488.6457999979	73.0267601121
469.1318000329	494.6216999979	71.7508638364
501.7006000329	494.7105999979	71.9766740767
510.3165000329	494.7618999979	72.0193680756
515.4887000329	494.7906999979	72.0572979948
515.1173000329	498.9741999979	71.1636925787
508.8877000329	498.9749999979	71.1159699258
505.5305000329	498.9753999979	71.0988551103
503.9014000329	498.9756999979	71.0852529747
499.2094000329	498.9759999979	71.0368577487
469.9718000329	498.9857999979	70.8223846447
470.3826000329	504.7852999979	69.5910794887
501.1310000329	505.1856999979	69.7384802247
506.5365000329	505.2086999979	69.7708119802
514.0197000329	505.2889999979	69.8187559864
513.8766000329	510.6024999979	68.6890312975
508.1453000329	510.6230999979	68.6310809622
504.1562000329	510.6546999979	68.6010074874
470.1895000329	510.6643999979	68.336006074
470.8181000329	521.7383999979	65.9652106789
507.5893000329	522.1372999979	66.1717814326
513.0764000329	522.2059999979	66.2089832945
511.4945000329	533.1809999979	63.8242527527
508.2129000329	533.1812999979	63.7952041623
505.1610000329	533.1866999979	63.7753373465
471.9441000329	533.1871999979	63.5021765673
471.8526000329	534.4867999979	63.2201149227
510.7522000329	535.0048999979	63.422274011
512.1451000329	535.0566999979	63.4236386294
