518.4631000329	416.5558999979	88.59336169
505.2658000329	416.5561999979	88.5261984187
498.1287000329	416.5931999979	88.4677988856
487.6461000329	416.7157999979	88.3835037553
463.8637000329	416.6826999979	88.2524747621
465.0602000329	427.3761999979	85.992964754
489.5178000329	427.3795999979	86.1500165609
502.0832000329	427.3817999979	86.2103915525
511.0201000329	427.3897999979	86.2672352903
518.4259000329	427.4911999979	86.2881544015
516.0386000329	440.4212999979	83.5494273124
507.7510000329	440.4345999979	83.4867126298
498.6545000329	440.5174999979	83.4112341996
492.1900000329	440.5231999979	83.3776378934
465.7755000329	440.5810999979	83.1954864413
466.5153000329	452.5774999979	80.6645329671
493.4784000329	452.6269999979	80.8251356292
501.0354000329	452.6412999979	80.8722462288
508.4251000329	452.6949999979	80.9015745825
519.1695000329	452.7439999979	80.9587742961
513.8829000329	465.0140999979	78.3304436644
504.8639000329	465.0317999979	78.2614492021
495.3910000329	465.0338999979	78.2170545296
467.6266000329	465.0659999979	78.0157607622
468.0704000329	477.8446999979	75.3084992905
497.6617000329	477.8722999979	75.5041666307
505.6941000329	477.9091999979	75.5504403757
516.9154000329	478.4274999979	75.5232057442
515.2886000329	490.4880999979	72.9616722264
505.9383000329	490.4948999979	72.8926507619
499.9963000329	490.4951999979	72.8462151284
468.9460000333	490.5913998691	72.607559579
470.1325000329	502.2642999979	70.1203159764
500.8084000329	502.5579999979	70.2924066463
509.1727000329	502.8199999979	70.3030302614
513.7160000329	502.8379999979	70.338090203
513.2966000329	512.6201999979	68.2606950296
504.3085000329	512.6213999979	68.1775336134
470.4739000329	512.6311999979	67.9069453912
471.0402000329	521.6380999979	65.9869004037
506.0585000329	521.6609999979	66.2658220464
510.7314000329	521.6611999979	66.3000938545
510.8543000329	527.1428999979	65.1260036998
505.7978000329	527.1172999979	65.0962754238
471.7467000329	527.1175999979	64.8173514525
471.7461000329	533.7646999979	63.3804374986
506.1227000329	533.7649999979	63.6553832192
511.8286000329	533.8838999979	63.6762140325
