493.7966000329	525.9168999979	93.3720738573
493.7953000329	525.7714999979	93.4228473244
493.6478000329	525.7718999979	93.4181489184
493.6471000329	525.9232999979	93.3736264229
504.0797000329	403.4078999979	119.3549099647
504.0776000329	403.2586999979	119.3993569316
503.9299000329	403.2589999979	119.3949060264
503.9290000329	403.4096999979	119.3622434571
443.7657000329	403.1329999979	119.2175234075
443.7668000329	402.9801999979	119.2538186339
443.6117000329	402.9819999979	119.2557245799
443.6099000329	403.1344999979	119.2177791485
453.0646000329	525.7080999979	93.1791853528
453.0644000329	525.5592999979	93.2197023129
452.9069000329	525.5596999979	93.2224220895
452.9057000329	525.7077999979	93.1757873435
