526.8618000329	427.0400999979	88.6591510844
516.0361000329	427.2258999979	88.6331488876
508.5052000329	427.3758999979	88.61446458
501.9532000329	428.1655999979	88.449904955
495.5932000329	428.3346999979	88.4188624502
471.3021000329	428.6941999979	88.3636952831
472.3403000329	437.6805999979	86.4574878977
496.5848000329	437.6810999979	86.4460988647
511.8131000329	437.7059999979	86.4140285192
518.1294000329	437.7074999979	86.4099840402
526.0851000329	437.7096999979	86.4016195024
526.2510000329	449.8137999979	83.8443373635
518.0641000329	449.8347999979	83.8502578368
510.0075000329	449.8844999979	83.847476216
504.0871000329	449.9056999979	83.8387008644
499.5206000329	449.9826999979	83.8258231172
473.3218000329	450.2841999979	83.7786281037
474.6473000329	461.3439999979	81.427758686
502.0109000329	461.3442999979	81.4143403012
510.0536000329	461.3444999979	81.4125048428
516.6025000329	461.3458999979	81.4031342824
523.0558000329	461.3462999979	81.4016105968
527.0868000329	461.3465999979	81.406679099
524.8655000329	473.4400999979	78.8364767678
518.5929000329	473.5249999979	78.8202014547
511.8189000329	473.5469999979	78.8253154719
505.1927000329	473.5638999979	78.8132329908
475.7511000329	473.7423999979	78.7937634341
477.0415000329	486.6655999979	76.0373634288
507.7833000329	486.7058999979	76.0362362332
512.9021000329	486.7062999979	76.0445048295
518.7521000329	486.7064999979	76.028223795
525.7388000329	486.7270999979	76.0362549725
522.6929000329	503.4977999979	72.4903959082
515.6493000329	503.5047999979	72.4813003101
510.1899000329	503.5772999979	72.463580561
478.7361000329	504.2528999979	72.3069017001
480.6707000329	515.7823999979	69.8460611446
512.7162000329	515.7975999979	69.8784717338
518.6819000329	515.7978999979	69.8781171144
524.7138000329	515.8150999979	69.8837993004
523.8303000329	525.1960999979	67.8951975007
520.6710000329	525.2127999979	67.8779141466
514.5407000329	525.2297999979	67.8756588898
480.5431000329	525.2528999979	67.8202273373
482.0870000329	535.0963999979	65.7169702307
516.3331000329	535.1468999979	65.7557137524
520.547399941	535.147900001	65.7658033338
523.7840000329	535.1407999979	65.7758081897
523.1856000329	541.8079999979	64.3388038514
517.5595000329	541.8085999979	64.3374011119
482.3428000329	541.9175999979	64.2469154027
482.5002000329	546.1968999979	63.3190208249
516.6974000329	546.5045999979	63.3197911988
519.5311000329	546.5409999979	63.3135096459
523.0555000329	546.5668999979	63.3133216023
