473.7941001868	269.0562000382	119.9704164509
473.7918001868	268.8525000382	119.970941981
473.5872001868	268.8527000382	119.9718276052
473.5881001868	269.0575000382	119.9713059435
472.1277001868	144.9671000382	119.9687230103
472.1271001868	144.7641000382	119.9683402717
471.9227001868	144.7641000382	119.9683554588
471.9226001868	144.9693000382	119.9688978643
413.3308001868	145.7563000382	119.9159444287
413.3308001868	145.5522000382	119.9147782163
413.1257001868	145.5511000382	119.9149644248
413.1272001868	145.7539000382	119.9153148617
414.9984001868	269.8417000382	120.0243083921
414.9985001868	269.6382000382	120.0248480542
414.7905001868	269.6421000382	120.0240939785
414.7953001868	269.8471000382	120.0238486158

