475.4317001868	394.0912000382	119.8214044359
475.4317001868	393.8914000382	119.8229766342
475.2269001868	393.8915000382	119.8232453396
475.2291001868	394.0921000382	119.8234793436
473.7726001868	270.0010000382	120.0066326899
473.7699001868	269.7992000382	120.0070012163
473.5672001868	269.7993000382	120.007532993
473.5669001868	270.0021000382	120.0072639321
414.9787001868	270.7900000382	120.1081358687
414.9768001868	270.5852000382	120.1078844097
414.7676001868	270.5839000382	120.1085410178
414.7716001868	270.7923000382	120.1084115307
416.6386001868	394.8804000382	119.9346415128
416.6390001868	394.6748000382	119.9356660669
416.4340001868	394.6748000382	119.9356211204
416.4340001868	394.8768000382	119.9354092319

