468.0221001868	517.6756000382	93.7509205254
468.0222001868	517.5321000382	93.7982190271
467.8741001868	517.5321000382	93.7949667721
467.8739001868	517.6804000382	93.7548945813
476.2179001868	395.0066000382	119.7154214472
476.2185001868	394.8664000382	119.7514411273
476.0722001868	394.8665000382	119.7488553407
476.0722001868	395.0115000382	119.7189137495
415.9163001868	395.8180000382	119.8402597114
415.9164001868	395.6747000382	119.8711014792
415.7654001868	395.6747000382	119.8752857624
415.7655001868	395.8174000382	119.8356897383
427.2995001868	518.3236000382	94.3212534558
427.2994001868	518.1777000382	94.3508314447
427.1463001868	518.1778000382	94.3557287857
427.1458001868	518.3267000382	94.322
