479.5531000329	529.0876999979	60.6659049261
477.4988000329	529.0939999979	60.6589945304
473.7774000329	529.0884999979	60.650148543
441.3006000329	529.0900999979	60.6603814227
439.9918000329	529.0928999979	60.6676441656
439.4263000329	529.1623999979	60.6686994596
439.3967000329	527.1492999979	60.6474791105
440.8263000329	527.2789999979	60.6431400663
473.4105000329	527.3476999979	60.6329399024
476.3741000329	527.3821999979	60.6423519451
478.7919000329	527.3993999979	60.6494599378
479.7698000329	527.4077999979	60.6544463509
480.2601000329	525.5367999979	60.6406494753
478.9031000329	525.5470999979	60.6349603396
476.4772000329	525.5474999979	60.6274278563
474.8410000329	525.5479999979	60.6226046165
472.8508000329	525.5483999979	60.6166270386
441.6485000329	525.7785999979	60.6241945002
440.4254000329	525.7789999979	60.6296160822
439.1953000329	525.7740999979	60.6332030822
439.2021000329	521.6959999979	60.5997471375
441.0179000329	521.7317999979	60.5940510019
472.6048000329	521.7962999979	60.5870596385
476.8870000329	521.8538999979	60.6003306796
478.7500000329	521.8636999979	60.6073498988
480.2906000329	521.8522999979	60.612952801
480.7724000329	516.9189999979	60.5794417105
477.2561000329	516.9152999979	60.5659573312
472.2495000329	516.9156999979	60.5497224185
440.8084000329	516.9645999979	60.5580073551
438.5889000329	516.9703999979	60.5688978331
438.5919000329	508.5392999979	60.5130331846
440.1553000329	508.5551999979	60.5033836657
469.6699000329	508.7806999979	60.4814291717
472.0419000329	508.7845999979	60.4911544258
476.2955000329	508.7859999979	60.5078932939
479.1667000329	508.8219999979	60.5194221432
480.7913000329	508.8247999979	60.5288321593
481.0908000329	499.8990999979	60.4807751704
476.3126000329	499.8830999979	60.4575793003
473.3770000329	499.8834999979	60.4433044349
468.6865000329	499.8833999979	60.4100442459
439.4152000329	500.0037999979	60.4551894343
437.8146000329	500.0659999979	60.468057951
436.6732000329	492.9710999979	60.449321019
438.4180000329	492.9780999979	60.4350469784
468.2247000329	493.8634999979	60.390442654
472.6920000329	493.8731999979	60.4155182186
476.7231000329	494.0024999979	60.4350110388
478.9884000329	494.0055999979	60.4458005843
482.0976000329	494.0160999979	60.4590591004
482.8757000329	485.6570999979	60.4321402878
480.0027000329	485.6574999979	60.4210091188
477.8170000329	485.6563999979	60.4141950595
475.7159000329	485.6567999979	60.4054480555
472.0198000329	485.6564999979	60.3915751188
468.9362000329	485.6569999979	60.3801181868
467.1418000329	485.6563999979	60.3750323175
465.1082000329	485.6740999979	60.3691402724
438.1910000329	485.6709999979	60.4222377979
436.1771000329	485.6680999979	60.4387006336
436.1769000329	475.3332999979	60.4116323301
437.3112000329	475.3424999979	60.4056958914
464.2828000329	475.6048999979	60.3528027564
467.8174000329	475.6463999979	60.3625748703
471.5199000329	475.6965999979	60.3717061524
476.4188000329	475.7385999979	60.3857503388
479.5757000329	475.7500999979	60.3964811732
483.6751000329	475.7504999979	60.4079280843
484.5053000329	464.7749999979	60.3810393133
481.5625000329	464.7743999979	60.372595232
478.0257000329	464.7747999979	60.3639273704
474.4065000329	464.7751999979	60.3575025447
469.4109000329	464.7771999979	60.3492229569
462.7197000329	464.7764999979	60.3382661551
460.1747000329	464.8715999979	60.3364319514
436.4642000329	464.7649999979	60.3899160902
434.9894000329	464.7720999979	60.3969765391
434.4439000329	458.4688999979	60.3933142158
435.8673000329	458.4895999979	60.3893365785
459.4540000329	458.4547999979	60.3341791966
462.2176000329	458.4567999979	60.3333973092
466.4344000329	458.4631999979	60.3358414372
469.7454000329	458.4886999979	60.3371227952
473.0597000329	458.4994999979	60.3414102166
478.5953000329	458.5318999979	60.3485153982
481.8923000329	458.5409999979	60.3551881352
484.8859000329	458.5449999979	60.3618898173
485.7108000329	450.0005999979	60.331922089
483.2374000329	450.0020999979	60.3252730386
479.3610000329	449.9836999979	60.3205388091
476.2832000329	449.9841999979	60.3199493922
472.3586000329	449.9863999979	60.3222534291
468.1487000329	449.9922999979	60.3210602466
465.1864000329	449.9901999979	60.3259891371
461.7888000329	449.9884999979	60.3318497686
458.8281000329	449.6881999979	60.3376482344
435.2768000329	449.7003999979	60.3948567937
433.8730000329	449.7302999979	60.3987097426
433.8600000329	439.2855999979	60.4204010704
432.3946000329	439.2821999979	60.4254688651
434.4322000329	439.3054999979	60.4188907638
456.9498000329	439.3970999979	60.3628437182
461.2361000329	439.4701999979	60.3476101048
464.9960000329	439.5308999979	60.3285107214
470.6742000329	439.6048999979	60.3166856667
474.4318000329	439.6495999979	60.3176988749
479.4601000329	439.6685999979	60.3202466298
484.3675000329	439.7151999979	60.3292581381
486.4809000329	439.7477999979	60.3347193201
486.8302000329	432.2116999979	60.3569724723
481.9914000329	432.2121999979	60.3388771145
477.6341000329	432.2146999979	60.3409183876
472.2712000329	432.2165999979	60.3416567903
468.4281000329	432.2264999979	60.3487844729
463.2924000329	432.2268999979	60.3624288829
459.6802000329	432.2243999979	60.375237478
456.7187000329	432.2240999979	60.384790826
455.0998000329	432.2438999979	60.389162202
433.8196000329	432.2776999979	60.4487588998
431.7354000329	432.2586999979	60.4545524936
431.3782000329	425.0122999979	60.4978948567
433.1607000329	425.0085999979	60.491619777
454.8269000329	425.2560999979	60.425299983
457.0848000329	425.2758999979	60.4210976841
460.4988000329	425.3271999979	60.4113440178
464.2617000329	425.3747999979	60.4012477165
468.6890000329	425.3907999979	60.3918595502
472.4897000329	425.4144999979	60.3873415309
476.3963000329	425.4253999979	60.3817063278
479.8494000329	425.4528999979	60.375485786
485.4746000329	425.6666999979	60.3850811765
487.5270000329	425.6845999979	60.393559704
487.8798000329	420.1668999979	60.4357715609
485.0333000329	420.1671999979	60.4296871811
480.8705000329	420.1588999979	60.4199612452
476.3278000329	420.1563999979	60.4181357924
469.2970000329	420.1540999979	60.4271803669
463.9086000329	420.1543999979	60.436240496
459.0204000329	420.1547999979	60.4468184558
453.1169000329	420.1484999979	60.4603762078
432.5437000329	420.0796999979	60.5189716486
431.1623000329	420.0858999979	60.5253816498
430.5803000329	416.1430999979	60.5481012155
432.4840000329	416.1480999979	60.5424778371
452.3745000329	416.2898999979	60.4866189705
456.8545000329	416.4315999979	60.4754456962
459.8660000324	416.4510001267	60.4681985011
463.2995000329	416.5309999979	60.460644143
466.7167000329	416.6415999979	60.4532286679
469.5050000329	416.7178999979	60.4494019952
472.9075000329	416.7965999979	60.4472797683
477.3380000329	416.9204999979	60.4438157427
479.9750000329	417.0232999979	60.4436590153
483.1700000329	417.1120999979	60.4473631146
488.1540000329	417.1724999979	60.4599581624
488.3648000329	409.6045999979	60.5262790772
484.8832000329	409.5947999979	60.5174034602
480.7577000329	409.5983999979	60.5141491475
475.6517000329	409.5988999979	60.5104137294
470.6472000329	409.5992999979	60.5060726072
466.2588000329	409.5996999979	60.5099921191
462.6272000329	409.6014999979	60.5138155993
460.1683000329	409.6068999979	60.5169125148
456.4101000329	409.6071999979	60.5229871462
451.9599000329	409.6029999979	60.532542639
448.7307000329	409.5985999979	60.5408258831
432.1592000329	409.7851999979	60.5660970442
429.8425000329	409.7855999979	60.5631638442
429.8567000329	405.7115999979	60.5103884481
431.7472000329	405.7308999979	60.5223891038
444.9991000329	405.8918999979	60.564384701
452.9258000329	405.9665999979	60.5539712465
456.0361000329	406.0165999979	60.5493583814
460.2648000329	406.0602999979	60.5457691518
464.6216000329	406.1088999979	60.5432592267
469.5768000329	406.1265999979	60.5399858678
474.5173000329	406.1316999979	60.5410023902
482.3640000329	406.1480999979	60.5463281544
487.9585000329	406.2193999979	60.5535474796
489.1730000329	406.2499999979	60.5547966191
489.3112000329	404.4577999979	60.5676155338
485.4239000329	404.4495999979	60.5648595523
477.2096000329	404.4433999979	60.5575670222
468.9897000329	404.4438999979	60.5559790386
461.9682000329	404.4442999979	60.5583276462
451.9978000329	404.4409999979	60.5642701207
445.3079000329	404.4414999979	60.570176357
443.3103000329	404.4464999979	60.5721172398
431.8352000329	404.5877999979	60.5080197833
429.7251000329	404.6118999979	60.4919107664
433.3297000329	404.7001999979	60.5580773776
434.9856000329	404.7084999979	60.5757644341
436.5642000329	404.7104999979	60.585962331
439.5578000329	404.7373999979	60.6083257976
442.1013000329	404.7455999979	60.6206397129
445.8128000329	407.8967999979	60.5974500897
443.7125000329	407.8853999979	60.6092455357
441.5838000329	407.8686999979	60.6007702062
438.4828000329	407.8689999979	60.641682983
435.4567000329	407.8706999979	60.6463440122
433.3456000329	407.8999999979	60.6593842657
433.5140000329	411.3383999979	60.6625407916
436.5943000329	411.3533999979	60.6457665175
440.7936000329	411.3595999979	60.5954182742
443.3994000329	411.3684999979	60.6119839536
446.3099000329	411.3843999979	60.581279257
449.6130000329	411.4324999979	60.5704865278
449.6589000329	416.4622999979	60.5330028468
445.8966000329	416.5027999979	60.5703140572
441.6334000329	416.4964999979	60.5829440065
436.3756000329	416.4968999979	60.6210136152
434.2356000329	416.5032999979	60.6325570302
434.3601000329	421.3390999979	60.6033038367
436.3078000329	421.3620999979	60.5812141374
437.8925000329	421.3814999979	60.5802378718
441.7655000329	421.4104999979	60.5586603344
444.3943000329	421.4471999979	60.5493493926
450.9416000329	421.6073999979	60.5131524253
452.0403000329	421.7170999979	60.5062209935
452.9301000329	428.7899999979	60.4698523134
449.3008000329	428.7955999979	60.4834569671
445.5625000329	428.8079999979	60.4997864006
440.6867000329	428.7962999979	60.5035013755
434.9061000329	428.8117999979	60.5579093983
435.7105000329	435.5121999979	60.5264648801
444.1444000329	435.5668999979	60.4719598322
448.7425000329	435.6413999979	60.4620475992
453.7808000329	435.6966999979	60.4442432199
455.4537000329	446.5066999979	60.4268985942
449.5524000329	446.4780999979	60.4239043625
442.2791000329	446.4739999979	60.4427103193
437.6588000329	446.4743999979	60.4620872118
436.3977000329	446.5127999979	60.4977908174
437.1358000329	455.2031999979	60.4833070627
445.2741000329	455.2053999979	60.3982505363
452.4525000329	455.2652999979	60.4263870191
455.8837000329	455.3014999979	60.3971602356
457.2496000329	455.2942999979	60.4153867783
457.9780000329	460.9434999979	60.399742187
451.2634000329	460.9465999979	60.421494247
444.2499000329	460.9583999979	60.3982345957
437.7407000329	460.9491999979	60.4754360619
438.0876000329	467.1717999979	60.4725720117
442.9908000329	467.1739999979	60.4393630919
448.8449000329	467.4142999979	60.4219033447
456.8056000329	467.5289999979	60.4035014507
459.4773000329	467.5974999979	60.4078035913
460.2605000329	474.2413999979	60.3929754755
453.6317000329	474.2761999979	60.3773611189
449.0845000329	474.2749999979	60.4182680668
444.8232000329	474.2621999979	60.4220781756
438.6672000329	474.2973999979	60.490623989
439.1154000329	481.5352999979	60.4906289783
444.4291000329	481.5821999979	60.4141554363
450.6778000329	481.8210999979	60.3919732113
455.2262000329	481.9201999979	60.4063743198
458.0475000329	481.9690999979	60.4260242204
461.8367000329	482.1920999979	60.4303451875
463.1894000329	488.3533999979	60.4279605404
459.5214000329	488.3544999979	60.4418948991
456.9584000329	488.3696999979	60.4169588194
453.6959000329	488.3700999979	60.4153611478
449.3039000329	488.3186999979	60.3732133793
446.7064000329	488.3139999979	60.4262275728
444.1862000329	488.3112999979	60.4182215979
440.9665000329	488.3116999979	60.4399355192
439.7592000329	488.3262999979	60.5062714097
440.2734000329	493.8330999979	60.5028421463
444.8837000329	493.8648999979	60.4373502821
448.8097000329	493.9362999979	60.4189337831
452.4067000329	493.9703999979	60.4156256763
454.9511000329	493.9751999979	60.4281959538
458.8509000329	494.0080999979	60.4382056707
461.8798000329	494.0313999979	60.449623272
465.0866000329	494.0995999979	60.4486413361
459.1546000329	501.2075999979	60.4363507499
456.5859000329	501.1847999979	60.4653965537
451.8551000329	501.1744999979	60.4685978855
446.7187000329	501.1700999979	60.4863816724
441.8744000329	501.1704999979	60.4799715434
440.7200000329	501.1889999979	60.5324292843
441.7040000329	510.5810999979	60.5839362805
445.6307000329	510.6508999979	60.5558256089
450.9694000329	510.6481999979	60.5352514496
455.3995000329	510.7466999979	60.5291191765
458.3406000329	510.7470999979	60.5348329986
462.9144000329	510.7897999979	60.539260212
467.1391000329	510.8489999979	60.5678061771
468.1233000329	516.3844999979	60.594346567
464.3620000329	516.3454999979	60.5955257989
457.8009000329	516.2741999979	60.5723344606
454.6814000329	516.2880999979	60.5451567467
449.3069000329	516.2341999979	60.5898307894
443.0151000329	516.1558999979	60.5981876502
441.9060000329	516.1349999979	60.6247671025
442.9333000329	526.4701999979	60.6956430862
448.5359000329	526.4987999979	60.689507568
452.4146000329	526.5227999979	60.6711071672
455.9107000329	526.5364999979	60.655481617
457.3473000329	526.5913999979	60.6493261055
460.6632000329	526.6236999979	60.6539765596
465.2898000329	526.8760999979	60.6741582993
469.9677000329	526.9276999979	60.7046146002
470.7413000329	527.2121999979	60.7290720979
471.5078000329	528.9255999979	60.7224357544
466.7925000329	528.8562999979	60.7053958731
462.6668000329	528.8566999979	60.6982542604
458.3187000329	528.8545999979	60.6971846121
456.3143000329	528.8571999979	60.6922866243
452.0806000329	528.8622999979	60.7013198688
447.3243000329	528.8609999979	60.7071764496
443.3723000329	528.8605999979	60.7235338936
442.9843000329	528.8291999979	60.7265774411

