528.1657000329	261.6664999979	119.2623814224
528.1614000329	261.4621999979	119.2629660383
527.9557000329	261.4626999979	119.2628231853
527.9553000329	261.6630999979	119.2624714302
527.3114000329	137.5679999979	119.2813028064
527.3072000329	137.3648999979	119.28138352
527.1017000329	137.3671999979	119.2815544116
527.1050000329	137.5675999979	119.281517569
468.5110000329	137.9679999979	119.294279723
468.5108000329	137.7689999979	119.2939134231
468.3078000329	137.7693999979	119.2930885354
468.3094000329	137.9679999979	119.2943295138
469.3664000329	262.0644999979	119.2717570624
469.3622000329	261.8663999979	119.2725402605
469.1590000329	261.8631999979	119.2723121237
469.1586000329	262.0653999979	119.2720447247
