521.1376000329	510.7140999979	93.395340952
521.1369000329	510.5664999979	93.4460679728
520.9799000329	510.5666999979	93.4422080124
520.9796000329	510.7147999979	93.397789495
530.0057000329	388.0903999979	119.3807898187
530.0046000329	387.9434999979	119.4253802053
529.8480000329	387.9439999979	119.4216230705
529.8477000329	388.0927999979	119.3896520859
469.6917000329	388.5041999979	119.200347568
469.6915000329	388.3576999979	119.2363557627
469.5431000329	388.3579999979	119.2370214395
469.5429000329	388.5074999979	119.1998759101
480.3969000329	510.9724999979	93.1966843199
480.3967000329	510.8219999979	93.235129234
480.2456000329	510.8223999979	93.2385223044
480.2443000329	510.9758999979	93.1921848434
