456.711500032857	362.86469999794	119.365345333161
456.713000032857	363.07219999794	119.365453891039
456.919100032857	363.07449999794	119.366432627116
456.910799941038	362.867700001005	119.365561889466
456.085900032857	486.95529999794	119.29854528526
456.082900032857	487.16869999794	119.297143203156
456.291400032857	487.16919999794	119.298491653289
456.292600032857	486.96569999794	119.299027962623
514.882300032857	487.25879999794	119.27593744434
514.885600032857	487.46429999794	119.275468305461
515.087600032857	487.46489999794	119.274517151432
515.091300032857	487.25989999794	119.275198126121
515.507900032857	363.15969999794	119.382239978284
515.507500032857	363.36989999794	119.382036706314
515.718800032857	363.36869999794	119.381422037271
515.714300032857	363.16399999794	119.38117074245
