493.9158000329	246.8301999979	119.8275811228
493.9154000329	246.6304999979	119.8282661949
493.7069000329	246.6292999979	119.828184877
493.7115000329	246.8297999979	119.8277978001
492.5868000329	122.7400999979	119.8206203328
492.5835000329	122.5328999979	119.8207806655
492.3798000329	122.5325999979	119.8213454143
492.3788000329	122.7418999979	119.8217412978
433.7885000329	123.3674999979	119.8267219081
433.7886000329	123.1685999979	119.8266479353
433.5818000329	123.1689999979	119.8264507707
433.5859000329	123.3703999979	119.8264294034
435.1178000329	247.4616999979	119.8336997477
435.1176000329	247.2555999979	119.8334369263
434.9124000329	247.2569999979	119.833126487
434.9123000329	247.4628999979	119.8326648367

