495.1035000329	371.8916999979	119.779750264
495.1032000329	371.6891999979	119.7799426493
494.8985000329	371.6894999979	119.7812618405
494.8982000329	371.8929999979	119.7811527289
493.9305000329	247.7957999979	119.8626648723
493.9302000329	247.5954999979	119.8627390747
493.7247000329	247.5957999979	119.8647319781
493.7247000329	247.7995999979	119.8642973592
435.1300000329	248.3556999979	119.9181620372
435.1297000329	248.1499999979	119.9186328395
434.9255000329	248.1517999979	119.9178490554
434.9258000329	248.3545999979	119.9179382138
436.3060000329	372.4457999979	119.8176421224
436.3057000329	372.2445999979	119.8186827188
436.0993000329	372.2449999979	119.81822689
436.1016000329	372.4491999979	119.8185583693

