487.5226000329	495.4030999979	93.6424782361
487.5198000329	495.2605999979	93.6895024963
487.3685000329	495.2600999979	93.6842789115
487.3685000329	495.4012999979	93.6442456222
496.0337000329	372.8072999979	119.851679147
496.0330000329	372.6586999979	119.8891350572
495.8780000329	372.6605999979	119.8878206375
495.8777000329	372.8076999979	119.8535645999
435.7234000329	373.3977999979	119.6865351489
435.7226000329	373.2548999979	119.7187463888
435.5722000329	373.2568999979	119.7219347918
435.5719000329	373.3985999979	119.6852366456
446.7880000329	495.7716999979	93.3919269477
446.7871000329	495.6253999979	93.4363847405
446.6341000329	495.6255999979	93.4369503263
446.6338000329	495.7692999979	93.3885673342
