447.1113000329	495.2791999979	93.5002263299
481.3514000329	494.9528999979	93.7188478573
485.6414000329	494.9585999979	93.7410913738
487.3118000329	494.9382999979	93.7523014582
487.3153000329	483.2285999979	96.4357564197
483.3345000329	483.2283999979	96.4057114356
478.4406000329	483.2287999979	96.3945513147
446.3288000329	483.2366999979	96.2670375752
445.4729999406	476.1700001298	97.8487742548
476.5875000329	476.2069999979	97.9637790206
483.5649000329	476.2071999979	97.982250572
486.0247000329	476.2066999979	97.996254785
487.8103000329	476.2218999979	98.007039899
488.3237000329	472.2188999979	98.8916438807
485.4508000329	472.2191999979	98.8720594739
480.6326000329	472.2210999979	98.8600934424
477.9146000329	472.2221999979	98.8479442238
475.7820000329	472.2208999979	98.8495707125
445.2881000329	472.2241999979	98.7259620176
444.9959000329	467.5399999979	99.7557984048
475.6013000329	467.5482999979	99.86531378
479.2190000329	467.5487999979	99.871957127
483.5529000329	467.5490999979	99.8845645362
487.9198000329	467.5431999979	99.9003144293
489.0194000329	467.5452999979	99.9073285271
489.2844000329	460.3144999979	101.4639436694
485.7562000329	460.3176999979	101.4480209536
481.8841000329	460.3034999979	101.4370603164
477.2807000329	460.3038999979	101.4249577363
473.4757000329	460.3007999979	101.4168904101
444.4122000329	460.2856999979	101.3369324741
443.5751000329	455.1304999979	102.4526417505
472.7089000329	455.1347999979	102.5208789463
477.9467000329	455.1350999979	102.5252424618
481.9488000329	455.1404999979	102.5367943927
487.8740000329	455.1408999979	102.5532465985
489.8643000329	455.1373999979	102.558695342
490.3264000329	446.5839999979	104.3668627601
486.0551000329	446.5763999979	104.3551435864
479.2605000329	446.5782999979	104.3436089909
473.1154000329	446.5819999979	104.327275136
470.7580000329	446.5764999979	104.3243504561
442.7589000329	446.5852999979	104.2840303458
442.3543000329	440.8482999979	105.5070790735
469.6850000329	440.8511999979	105.53123223
475.2384000329	440.8526999979	105.5324551048
479.6490000329	440.8645999979	105.5409216147
483.0745000329	440.8661999979	105.5496672622
487.8982000329	440.8664999979	105.5635220736
490.6091000329	440.8705999979	105.5716627157
491.4652000329	430.5017999979	107.7524690425
485.4543000329	430.5021999979	107.7402418524
479.1078000329	430.5031999979	107.7254543506
471.6004000329	430.5064999979	107.7201446852
467.4637000329	430.5068999979	107.7216521258
441.5592000329	430.5154999979	107.6973881031
440.9043000329	424.6211999979	108.9432430197
466.4809000329	424.6338999979	108.9622723723
471.5486000329	424.6362999979	108.9600208845
476.5840000329	424.6405999979	108.9610587596
481.6915000329	424.6453999979	108.9689371233
486.4495000329	424.6467999979	108.9767218505
491.9321000329	424.6486999979	108.9879219758
492.1903000329	415.7501999979	110.8644974094
487.3465000329	415.7505999979	110.8585396318
478.2075000329	415.7446999979	110.8451039222
470.6795000329	415.7499999979	110.8378825624
465.2695000329	415.7502999979	110.835930101
440.2316000329	415.7522999979	110.8172112685
439.5130000329	407.1756999979	112.624814112
463.3904000329	407.1914999979	112.6397194704
469.5823000329	407.1943999979	112.6428975443
476.3590000329	407.1946999979	112.6520608521
482.5523000329	407.1963999979	112.6485188129
490.9991000329	407.1937999979	112.6601189031
493.0810000329	407.1915999979	112.664755888
493.5843000329	396.1278999979	114.9880606981
485.0201000329	396.1274999979	114.9733744822
477.1184000329	396.1264999979	114.9787994133
471.2502000329	396.1284999979	114.970893046
464.8336000329	396.1398999979	114.9621636011
460.8316000329	396.1347999979	114.95600499
438.1982000329	396.1351999979	114.9437412116
437.4128000329	384.5206999979	117.376852326
458.9819000329	384.5339999979	117.3861482828
466.7392000329	384.5370999979	117.3910278335
476.8172000329	384.5385999979	117.3933604491
482.5983000329	384.5415999979	117.4051151512
489.4226000329	384.5506999979	117.4033133545
494.1904000329	384.5552999979	117.4126511842
494.8647000329	379.3445999979	118.4980841575
488.4520000329	379.3422999979	118.4970248237
477.8301000329	379.3440999979	118.4799722479
472.1513000329	379.3373999979	118.4725666781
463.6801000329	379.3377999979	118.4775474986
456.3374000329	379.3411999979	118.4646802959
436.8730000329	379.3575999979	118.4509846325
435.9768000329	373.8035999979	119.6086232318
450.5682000329	373.8024999979	119.6140266805
459.5392000329	373.8039999979	119.6218017051
466.0156000329	373.8075999979	119.6327690587
472.4514000329	373.8101999979	119.6426949249
478.3337000329	373.8077999979	119.6477738814
482.8086000329	373.8080999979	119.6498560098
486.3661000329	373.6257999979	119.6889284635
491.9558000329	373.6260999979	119.6953717371
494.7695000329	373.6385999979	119.6937413397
495.7330000329	373.6329999979	119.68923255
